-56.4229,29.5599,42.1176
-55.5909,29.5599,42.0146
-55.6439,30.0339,41.9236
-55.6699,30.5019,41.8776
-54.9129,24.8539,41.6476
-54.4409,25.3269,42.4696
-54.0269,25.7949,43.1886
-54.0269,26.2649,43.1886
-53.9439,26.7359,43.3326
-54.1159,27.2069,43.0336
-54.4409,27.6769,42.4696
-54.9129,28.1479,41.6476
-55.2779,29.5599,41.0196
-55.1729,30.0339,41.2016
-55.1719,30.5019,41.2036
-55.8079,30.9729,40.1096
-54.6369,23.9089,40.5996
-54.1659,24.3829,41.4206
-53.9979,24.8539,41.7086
-53.9529,25.3269,41.7866
-53.6159,25.7949,42.3636
-53.2709,26.2649,42.9576
-53.1439,26.7359,43.1776
-53.2969,27.2069,42.9126
-53.6879,27.6769,42.2406
-54.7459,29.5599,40.4076
-54.8999,30.0339,40.1406
-54.4369,30.5019,40.9466
-54.5469,30.9729,40.7556
-53.8549,22.4969,40.4096
-53.0209,23.4379,41.8526
-52.9909,23.9089,41.9036
-53.2679,24.3829,41.4276
-52.6849,24.8539,42.4296
-52.8809,25.3269,42.0926
-52.8429,25.7949,42.1586
-52.8219,26.2649,42.1946
-52.4769,26.7359,42.7876
-52.4859,27.2069,42.7726
-54.5909,29.5599,39.1376
-54.6339,30.0339,39.0626
-54.3949,30.5019,39.4726
-53.8189,30.9729,40.4726
-53.5509,17.3209,39.4126
-53.1029,17.7909,40.1806
-52.6559,18.7309,40.9496
-52.6559,19.2019,40.9496
-52.6559,20.6119,40.9496
-52.6559,21.5559,40.9496
-52.2129,22.0289,41.7196
-51.8839,22.4969,42.2916
-52.2129,22.9679,41.7196
-51.8649,23.4379,42.3256
-51.8839,23.9089,42.2916
-51.3599,24.3829,43.1946
-52.1069,24.8539,41.9046
-51.7699,25.3269,42.4906
-51.6039,25.7949,42.7746
-51.7699,26.2649,42.4906
-51.5579,26.7359,42.8546
-54.6499,29.5599,37.5026
-54.5749,30.0339,37.6316
-53.7129,30.5019,39.1306
-53.4319,30.9729,39.6176
-53.4179,31.4439,39.6396
-51.9029,15.9069,40.7096
-52.7979,16.3779,39.1726
-51.0169,16.8469,42.2506
-51.4599,17.3209,41.4796
-52.6649,17.7909,39.3996
-51.9029,18.2599,40.7096
-52.3499,18.7309,39.9406
-51.9029,19.2019,40.7096
-52.3199,20.1419,39.9916
-51.4859,20.6119,41.4346
-51.9029,21.0839,40.7096
-51.4859,21.5559,41.4346
-51.4599,22.0289,41.4796
-51.1349,22.4969,42.0446
-51.0169,22.9679,42.2506
-51.0169,23.4379,42.2506
-50.9009,23.9089,42.4486
-51.0169,24.3829,42.2506
-50.9669,24.8539,42.3356
-50.7299,25.3269,42.7436
-50.8259,25.7949,42.5776
-51.0169,26.7359,42.2506
-56.3409,27.6769,33.0086
-56.7089,28.1479,32.2816
-56.7579,28.6189,32.1846
-55.4649,29.0899,34.5536
-54.1679,29.5599,36.8006
-54.0389,30.0339,37.0206
-53.6019,30.5019,37.7736
-53.5679,30.9729,37.8326
-52.6219,31.4439,39.4736
-53.6839,31.9149,37.6316
-52.0409,14.0239,38.9416
-52.0409,14.9649,38.9416
-51.2259,15.4359,40.3586
-51.5389,15.9069,39.8146
-50.8499,16.3779,41.0066
-50.6049,16.8469,41.4286
-50.6139,17.3209,41.4116
-50.2329,17.7909,42.0676
-50.2599,18.2599,42.0196
-49.6159,19.2019,43.1406
-48.9269,19.6719,44.3286
-50.2599,22.4969,42.0196
-49.3739,23.4379,43.5606
-49.7879,23.9089,42.8416
-49.3739,24.3829,43.5606
-49.7289,24.8539,42.9436
-50.2259,25.3269,42.0786
-50.2599,25.7949,42.0196
-55.9539,27.2069,31.9426
-56.1739,27.6769,31.5066
-55.9059,28.1479,32.0376
-55.9359,28.6189,31.9776
-55.9459,29.0899,31.9586
-54.6549,29.5599,34.4116
-54.5639,30.0339,34.5696
-54.0149,30.5019,35.5236
-52.9839,30.9729,37.3216
-52.2169,31.4439,38.6396
-52.0099,31.9149,38.9966
-54.7239,5.5439,32.5416
-54.7239,6.4869,32.5416
-53.9329,6.9579,34.0856
-53.9329,7.4279,34.0856
-53.9329,7.8989,34.0856
-53.5769,8.8399,34.7186
-50.4019,13.5529,40.2426
-51.3239,14.0239,38.6396
-50.8199,14.4959,39.5146
-50.4019,14.9649,40.2426
-50.7729,15.4359,39.5976
-50.3079,15.9069,40.4036
-49.7929,16.3779,41.2886
-49.0619,16.8469,42.5546
-49.0519,17.3209,42.5716
-48.6799,17.7909,43.2216
-48.5769,18.2599,43.3996
-47.7229,19.2019,44.8666
-55.0629,27.2069,31.8696
-55.0829,27.6769,31.8316
-55.0879,28.1479,31.8206
-55.0389,28.6189,31.9166
-55.1499,29.0899,31.6986
-54.7089,29.5599,32.5696
-54.6899,30.0339,32.6076
-54.2289,30.5019,33.5066
-53.2049,30.9729,35.3816
-52.1209,31.4439,37.2696
-51.3569,31.9149,38.5836
-52.1829,32.3869,37.1636
-53.5209,1.3029,33.0756
-53.4949,2.7159,33.1266
-53.5439,3.1879,33.0296
-53.9159,3.6579,32.3036
-53.5209,4.1299,33.0756
-53.5089,4.6009,33.0986
-53.8559,5.0729,32.4226
-53.1579,5.5439,33.7826
-53.0779,6.0149,33.9376
-53.0299,6.4869,34.0286
-53.0539,6.9579,33.9836
-52.7189,7.4279,34.6196
-52.9899,7.8989,34.1046
-52.3649,8.3699,35.2926
-52.5829,8.8399,34.8776
-52.3289,9.3109,35.3616
-52.2859,9.7809,35.4376
-51.8459,10.2529,36.2036
-51.4879,10.7269,36.8276
-51.9249,11.1959,36.0666
-51.4589,11.6669,36.8766
-49.6449,12.1389,40.0116
-50.0929,12.6109,39.2426
-49.9939,13.0819,39.4136
-49.9839,13.5529,39.4296
-49.6449,14.0239,40.0116
-49.2729,14.4959,40.6606
-49.3639,14.9649,40.5016
-49.3499,15.4359,40.5246
-49.1039,15.9069,40.9536
-48.6339,16.3779,41.7686
-48.0169,16.8469,42.8276
-47.8379,17.3209,43.1356
-47.6459,17.7909,43.4696
-53.9159,27.6769,32.3036
-54.0589,28.1479,32.0226
-54.6379,28.6189,30.8766
-54.3509,29.0899,31.4446
-54.2359,29.5599,31.6716
-54.1709,30.0339,31.8006
-54.2559,30.5019,31.6326
-53.6169,30.9729,32.8876
-52.5739,31.4439,34.8946
-51.1309,31.9149,37.4466
-50.5409,32.3869,38.4746
-52.0149,0.3619,34.2106
-52.3179,0.8329,33.6086
-52.2909,1.3029,33.6616
-51.9669,1.7739,34.3046
-52.3449,2.2459,33.5576
-52.6619,2.7159,32.9376
-52.7139,3.1879,32.8376
-52.7029,3.6579,32.8596
-52.3449,4.1299,33.5576
-52.1579,4.6009,33.9256
-52.2339,5.0729,33.7756
-51.6599,5.5439,34.9106
-51.9209,6.0149,34.3946
-51.8759,6.4869,34.4846
-51.7029,6.9579,34.8266
-51.8699,7.4279,34.4966
-51.5089,7.8989,35.2046
-51.5369,8.3699,35.1556
-51.5369,8.8399,35.1556
-51.1119,9.3109,35.9126
-51.0609,9.7809,36.0026
-51.0009,10.2529,36.1086
-50.4159,10.7269,37.1416
-49.9009,11.1959,38.0376
-49.8199,11.6669,38.1786
-49.2019,12.1389,39.2396
-48.8479,12.6109,39.8486
-48.8789,13.0819,39.7946
-48.5439,13.5529,40.3796
-48.4849,14.0239,40.4806
-48.2179,14.4959,40.9466
-48.3289,14.9649,40.7526
-48.0259,15.4359,41.2826
-47.9369,15.9069,41.4356
-47.4029,16.3779,42.3516
-47.0329,16.8469,42.9886
-46.9169,17.3209,43.1906
-46.6019,17.7909,43.7396
-53.8909,29.0899,30.5196
-53.5559,29.5599,31.1816
-53.8639,30.0339,30.5726
-53.6419,30.5019,31.0116
-53.5589,30.9729,31.1756
-52.8269,31.4439,32.6166
-51.3149,31.9149,35.5506
-49.8369,32.3869,38.1486
-50.7299,-0.1081,34.9166
-51.5109,0.3619,33.3706
-51.5279,0.8329,33.3376
-51.3299,1.3029,33.7286
-51.1479,1.7739,34.0906
-51.2639,2.2459,33.8606
-51.5109,2.7159,33.3706
-51.4789,3.1879,33.4346
-51.4909,3.6579,33.4106
-51.2009,4.1299,33.9846
-51.1449,4.6009,34.0956
-51.1089,5.0729,34.1676
-51.0729,5.5439,34.2376
-50.8339,6.0149,34.7106
-50.7619,6.4869,34.8536
-50.7299,6.9579,34.9166
-50.7299,7.4279,34.9166
-50.4629,7.8989,35.4246
-50.3399,8.3699,35.6586
-50.1649,8.8399,35.9916
-50.2629,9.3109,35.8036
-49.9629,9.7809,36.3746
-49.0719,10.2529,37.9316
-48.9679,10.7269,38.1116
-48.8129,11.1959,38.3826
-48.4689,11.6669,38.9806
-48.1599,12.1389,39.5186
-48.0189,12.6109,39.7606
-48.0139,13.0819,39.7696
-47.7409,13.5529,40.2376
-47.6499,14.0239,40.3946
-47.3419,14.4959,40.9236
-47.3069,14.9649,40.9826
-47.1609,15.4359,41.2356
-47.0829,15.9069,41.3726
-46.5199,16.3779,42.3506
-46.2589,16.8469,42.8036
-46.1299,17.3209,43.0236
-46.2359,17.7909,42.8416
-52.3609,30.5019,31.7136
-53.1849,30.9729,30.0876
-52.8009,31.4439,30.8426
-51.6799,31.9149,33.0416
-49.3889,32.3869,37.3796
-49.9189,-0.1081,34.6886
-50.4549,0.3619,33.6286
-50.6009,0.8329,33.3396
-50.3909,1.3029,33.7556
-50.1469,1.7739,34.2386
-50.3819,2.2459,33.7726
-50.3799,2.7159,33.7766
-50.2749,3.1879,33.9856
-50.3319,3.6579,33.8716
-50.0719,4.1299,34.3866
-50.0279,4.6009,34.4746
-49.9289,5.0729,34.6696
-49.8709,5.5439,34.7816
-49.9409,6.0149,34.6456
-49.7299,6.4869,35.0576
-49.7419,6.9579,35.0336
-49.5019,7.4279,35.5016
-49.5309,7.8989,35.4446
-49.4759,8.3699,35.5506
-49.1319,8.8399,36.2216
-49.0059,9.3109,36.4486
-48.2889,9.7809,37.7426
-48.0549,10.2529,38.1506
-47.6929,10.7269,38.7826
-47.6509,11.1959,38.8556
-47.3059,11.6669,39.4546
-46.9929,12.1389,39.9936
-47.0269,12.6109,39.9346
-46.9859,13.0819,40.0056
-46.9999,13.5529,39.9816
-46.8099,14.0239,40.3066
-46.8259,14.4959,40.2796
-46.5859,14.9649,40.6916
-46.1869,15.4359,41.3836
-46.0929,15.9069,41.5466
-45.9269,16.3779,41.8366
-45.5429,16.8469,42.5016
-45.8249,17.3209,42.0126
-53.0639,30.9729,28.5086
-52.1359,31.4439,30.3246
-51.2279,31.9149,32.1126
-48.7049,32.3869,36.9926
-49.2289,-0.1081,34.2176
-49.5269,0.3619,33.6296
-49.5939,0.8329,33.4966
-49.6569,1.3029,33.3726
-49.3999,1.7739,33.8806
-49.4939,2.2459,33.6956
-49.4489,2.7159,33.7846
-49.3689,3.1879,33.9416
-49.2169,3.6579,34.2426
-49.1029,4.1299,34.4676
-48.8529,4.6009,34.9566
-48.9469,5.0729,34.7726
-48.8449,5.5439,34.9706
-48.7269,6.0149,35.2006
-48.6729,6.4869,35.3076
-48.6989,6.9579,35.2576
-48.4869,7.4279,35.6706
-48.3689,7.8989,35.8996
-48.3949,8.3699,35.8486
-47.5839,8.8399,37.4106
-47.3709,9.3109,37.7936
-47.2869,9.7809,37.9396
-47.1379,10.2529,38.1996
-46.5469,10.7269,39.2276
-46.7519,11.1959,38.8706
-46.7119,11.6669,38.9396
-46.2319,12.1389,39.7756
-46.1169,12.6109,39.9746
-46.3219,13.0819,39.6176
-46.3759,13.5529,39.5246
-46.0739,14.0239,40.0496
-46.0979,14.4959,40.0076
-45.7409,14.9649,40.6276
-45.5619,15.4359,40.9356
-45.2439,15.9069,41.4826
-45.2489,16.3779,41.4736
-44.9389,16.8469,42.0066
-45.1529,17.3209,41.6396
-51.7629,31.4439,29.2356
-51.1239,31.9149,30.4906
-47.9209,32.3869,36.7626
-48.3209,32.8559,35.9936
-48.6649,-0.1081,33.5006
-48.6849,0.3619,33.4606
-48.3229,0.8329,34.1776
-48.6199,1.3029,33.5896
-48.2689,1.7739,34.2816
-48.3599,2.2459,34.1026
-48.4829,2.7159,33.8596
-48.3549,3.1879,34.1136
-48.3769,3.6579,34.0696
-48.0049,4.1299,34.7976
-47.9269,4.6009,34.9506
-47.8679,5.0729,35.0646
-47.8049,5.5439,35.1876
-47.7029,6.0149,35.3876
-47.5589,6.4869,35.6676
-47.5859,6.9579,35.6146
-47.4059,7.4279,35.9696
-47.3429,7.8989,36.0936
-46.9969,8.3699,36.7776
-46.5049,8.8399,37.7126
-46.2019,9.3109,38.2586
-46.1319,9.7809,38.3866
-45.8429,10.2529,38.9046
-45.5649,10.7269,39.3886
-45.7029,11.1959,39.1476
-45.5429,11.6669,39.4276
-45.2349,12.1389,39.9616
-45.2529,12.6109,39.9316
-45.3139,13.0819,39.8246
-45.3729,13.5529,39.7216
-45.3549,14.0239,39.7526
-45.0739,14.4959,40.2426
-45.2569,14.9649,39.9246
-44.9269,15.4359,40.4966
-44.7989,15.9069,40.7176
-44.3769,16.3779,41.4406
-44.4009,16.8469,41.3986
-44.4699,17.3209,41.2806
-46.7329,32.3869,37.3016
-48.3049,32.8559,34.2116
-47.5689,-0.1081,33.8336
-47.7099,0.3619,33.5546
-47.6039,0.8329,33.7656
-47.6089,1.3029,33.7536
-47.5869,1.7739,33.7986
-47.4899,2.2459,33.9896
-47.4139,2.7159,34.1386
-47.3729,3.1879,34.2176
-47.4089,3.6579,34.1476
-47.0969,4.1299,34.7566
-47.0189,4.6009,34.9076
-47.0179,5.0729,34.9096
-46.8239,5.5439,35.2896
-46.9569,6.0149,35.0286
-46.7319,6.4869,35.4686
-46.5809,6.9579,35.7666
-46.0259,7.4279,36.8636
-45.9479,7.8989,37.0186
-45.5699,8.3699,37.7476
-45.2499,8.8399,38.3626
-45.1609,9.3109,38.5336
-44.9709,9.7809,38.8716
-44.9699,10.2529,38.8736
-44.6879,10.7269,39.3636
-44.6889,11.1959,39.3606
-44.5989,11.6669,39.5186
-44.4969,12.1389,39.6956
-44.7149,12.6109,39.3166
-44.6639,13.0819,39.4056
-44.6819,13.5529,39.3736
-44.6319,14.0239,39.4606
-44.6789,14.4959,39.3796
-44.5109,14.9649,39.6716
-44.2539,15.4359,40.1176
-43.9019,15.9069,40.7306
-44.1379,16.3779,40.3196
-43.7729,16.8469,40.9546
-50.2439,32.8559,28.5756
-51.1189,33.3249,26.9016
-46.3559,-0.1081,34.3906
-46.7509,0.3619,33.6186
-46.7469,0.8329,33.6286
-46.6779,1.3029,33.7646
-46.6289,1.7739,33.8586
-46.5659,2.2459,33.9816
-46.4139,2.7159,34.2776
-46.3909,3.1879,34.3216
-45.9969,3.6579,35.0896
-46.1849,4.1299,34.7246
-46.0989,4.6009,34.8926
-46.1069,5.0729,34.8766
-45.6939,5.5439,35.6856
-45.7209,6.0149,35.6316
-45.2209,6.4869,36.6216
-45.0379,6.9579,36.9816
-44.7229,7.4279,37.5966
-44.7099,7.8989,37.6216
-44.5819,8.3699,37.8726
-44.1099,8.8399,38.7666
-44.0159,9.3109,38.9376
-43.8979,9.7809,39.1536
-43.9179,10.2529,39.1166
-43.5549,10.7269,39.7806
-43.6819,11.1959,39.5476
-43.5419,11.6669,39.8046
-43.8089,12.1389,39.3166
-43.8049,12.6109,39.3246
-44.0649,13.0819,38.8486
-43.6709,13.5529,39.5696
-43.6679,14.0239,39.5756
-43.9109,14.4959,39.1286
-43.7529,14.9649,39.4186
-43.4499,15.4359,39.9706
-43.4469,15.9069,39.9746
-49.9889,33.3249,27.2726
-49.0419,33.7959,29.1086
-45.8809,-0.1081,33.5066
-45.9779,0.3619,33.3136
-45.7099,0.8329,33.8396
-45.5489,1.3029,34.1536
-45.7099,1.7739,33.8396
-45.5919,2.2459,34.0686
-45.4529,2.7159,34.3416
-45.4889,3.1879,34.2706
-45.2109,3.6579,34.8136
-45.1149,4.1299,34.9996
-45.2309,4.6009,34.7736
-45.0809,5.0729,35.0656
-45.1249,5.5439,34.9816
-44.3999,6.0149,36.4146
-44.1509,6.4869,36.9026
-43.8819,6.9579,37.4256
-43.7289,7.4279,37.7246
-43.5319,7.8989,38.1066
-43.4659,8.3699,38.2366
-43.1559,8.8399,38.8416
-43.1229,9.3109,38.9066
-42.7669,9.7809,39.6026
-42.7259,10.2529,39.6826
-42.6329,10.7269,39.8446
-42.6119,11.1959,39.8816
-43.0099,11.6669,39.1276
-42.7689,12.1389,39.5986
-42.6629,12.6109,39.7926
-43.0989,13.0819,38.9536
-42.8369,13.5529,39.4656
-43.0219,14.0239,39.1036
-42.7959,14.4959,39.5456
-43.0849,14.9649,38.9806
-49.1439,33.3249,27.1016
-47.4529,33.7959,30.4166
-45.0619,0.3619,33.2906
-45.0949,0.8329,33.2256
-44.9639,1.3029,33.4816
-44.8549,1.7739,33.6956
-44.7369,2.2459,33.9256
-44.5409,2.7159,34.3066
-44.5789,3.1879,34.2326
-44.3579,3.6579,34.6636
-44.4519,4.1299,34.4806
-44.2829,4.6009,34.8116
-44.2469,5.0729,34.8826
-43.9299,5.5439,35.5096
-43.4179,6.0149,36.5196
-43.1259,6.4869,37.0886
-42.7669,6.9579,37.7906
-42.5619,7.4279,38.1936
-42.2839,7.8989,38.7446
-42.2339,8.3699,38.8426
-41.9859,8.8399,39.3326
-41.9279,13.0819,39.4476
-41.9279,13.5529,39.4476
-42.3189,14.0239,38.6746
-48.5259,33.3249,26.5076
-46.7509,33.7959,29.9716
-44.2309,0.3619,33.0996
-44.2659,0.8329,33.0306
-43.9129,1.3029,33.7206
-43.8979,1.7739,33.7496
-43.8439,2.2459,33.8546
-43.6619,2.7159,34.2106
-43.6909,3.1879,34.1526
-43.6029,3.6579,34.3246
-43.4389,4.1299,34.6466
-43.4689,4.6009,34.5866
-43.1859,5.0729,35.1466
-42.8829,5.5439,35.7466
-42.0069,6.0149,37.4596
-41.9239,6.4869,37.6226
-41.8739,6.9579,37.7206
-41.5329,7.4279,38.3956
-41.4709,7.8989,38.5176
-47.8199,33.3249,26.0796
-46.3329,33.7959,28.9656
-45.4139,34.2659,30.7726
-43.1879,0.3619,33.3246
-43.3959,0.8329,32.9186
-43.0139,1.3029,33.6646
-43.0379,1.7739,33.6176
-42.9629,2.2459,33.7646
-42.8189,2.7159,34.0446
-42.6809,3.1879,34.3146
-42.3709,3.6579,34.9256
-42.5739,4.1299,34.5236
-42.2679,4.6009,35.1286
-41.9449,5.0729,35.7666
-41.5679,5.5439,36.5046
-41.1279,6.0149,37.3626
-47.0469,33.3249,25.7666
-46.0679,33.7959,27.6616
-44.9979,34.2659,29.7716
-42.4859,0.3619,32.8806
-42.5249,0.8329,32.8056
-42.2229,1.3029,33.3946
-42.2019,1.7739,33.4346
-41.9729,2.2459,33.8816
-41.9889,2.7159,33.8506
-42.0009,3.1879,33.8276
-41.7889,3.6579,34.2416
-41.5889,4.1299,34.6376
-41.1889,4.6009,35.4296
-41.1969,5.0729,35.4146
-40.4439,5.5439,36.8876
-46.6339,33.3249,24.7766
-45.3129,33.7959,27.3216
-44.3019,34.2659,29.3136
-41.5029,0.3619,32.9866
-41.5779,0.8329,32.8396
-41.6149,1.3029,32.7676
-41.5019,1.7739,32.9876
-41.3559,2.2459,33.2736
-41.2489,2.7159,33.4826
-41.0819,3.1879,33.8086
-40.9189,3.6579,34.1286
-40.7869,4.1299,34.3896
-40.3459,4.6009,35.2626
-40.1239,5.0729,35.6986
-45.8389,33.3249,24.5206
-44.4979,33.7959,27.1026
-43.8129,34.2659,28.4496
-40.7109,0.3619,32.7186
-40.7259,0.8329,32.6906
-40.8489,1.3029,32.4496
-40.8409,1.7739,32.4646
-40.4649,2.2459,33.1986
-40.5739,2.7159,32.9856
-40.0929,3.1879,33.9296
-39.8529,3.6579,34.4036
-39.7319,4.1299,34.6426
-39.4379,4.6009,35.2236
-44.7559,33.3249,24.7946
-43.7409,33.7959,26.7676
-43.2339,34.2659,27.7606
-39.9349,0.3619,32.4216
-40.1679,0.8329,31.9686
-39.9729,1.3029,32.3486
-39.8199,1.7739,32.6466
-39.8069,2.2459,32.6716
-39.7329,2.7159,32.8166
-39.2949,3.1879,33.6736
-38.9719,3.6579,34.3116
-38.5009,4.1299,35.2396
-37.8639,4.6009,36.4816
-43.9149,33.3249,24.6236
-42.8649,33.7959,26.6636
-41.7969,34.2659,28.7686
-39.3079,0.3619,31.8326
-39.2389,0.8329,31.9676
-39.1409,1.3029,32.1586
-39.2809,1.7739,31.8856
-38.9919,2.2459,32.4496
-38.6609,2.7159,33.0946
-38.4899,3.1879,33.4336
-42.9319,33.3249,24.7266
-38.5579,0.3619,31.4836
-38.3519,0.8329,31.8846
-38.3179,1.3029,31.9526
-38.3519,1.7739,31.8856
-38.1499,2.2459,32.2786
-38.1229,2.7159,32.3326
-37.4279,3.1879,33.6976
-38.0289,0.3619,30.6976
-37.6899,0.8329,31.3636
-37.6899,1.3029,31.3646
-37.5769,1.7739,31.5846
-37.3459,2.2459,32.0356
-37.0699,2.7159,32.5736
-37.3569,-0.1081,30.1926
-37.1809,0.3619,30.5416
-36.9119,0.8329,31.0716
-36.8249,1.3029,31.2416
-36.9179,1.7739,31.0596
-36.4319,2.2459,32.0086
-36.2019,2.7159,32.4576
-36.2549,-0.1081,30.5396
-36.3289,0.3619,30.3926
-36.1389,0.8329,30.7666
-36.2029,1.3029,30.6426
-36.1659,1.7739,30.7146
-35.7759,2.2459,31.4746
-35.6479,-0.1081,29.9046
-35.6079,0.3619,29.9836
-35.3989,0.8329,30.3976
-35.3049,1.3029,30.5816
-35.2049,1.7739,30.7766
-34.9829,2.2459,31.2096
-34.7569,-0.1081,29.8336
-34.7139,0.3619,29.9186
-34.7429,0.8329,29.8616
-34.6869,1.3029,29.9716
-34.4579,1.7739,30.4236
-34.2159,-0.1081,29.0706
-34.0469,0.3619,29.4056
-33.9239,0.8329,29.6486
-33.8669,1.3029,29.7606
-33.4679,1.7739,30.5516
-33.4449,-0.1081,28.7606
-33.5049,0.3619,28.6426
-33.2989,0.8329,29.0506
-33.0149,1.3029,29.6126
-33.2989,1.7739,29.0506
-32.6239,-0.5791,28.5496
-32.7129,-0.1081,28.3756
-32.8639,0.3619,28.0766
-32.7019,0.8329,28.3966
-32.4519,1.3029,28.8906
-31.6769,-0.5791,28.5996
-32.0349,-0.1081,27.9036
-32.0939,0.3619,27.7876
-32.0409,0.8329,27.8906
-32.0279,1.3029,27.9176
-31.0039,-0.5791,28.1016
-31.4969,-0.1081,27.1346
-31.2939,0.3619,27.5366
-31.2989,0.8329,27.5276
-31.4009,1.3029,27.3256
-30.2169,-0.5791,27.8256
-30.6779,-0.1081,26.9206
-30.5619,0.3619,27.1496
-30.8499,0.8329,26.5796
-30.9309,1.3029,26.4196
-30.0239,-0.5791,26.3796
-30.0649,-0.1081,26.2986
-30.0149,0.3619,26.3976
-30.1229,0.8329,26.1856
-30.4549,1.3029,25.5286
-29.5079,-0.5791,25.5676
-29.3829,-0.1081,25.8146
-29.3279,0.3619,25.9246
-29.2829,0.8329,26.0136
-30.0489,1.3029,24.5066
-28.8319,-0.5791,25.0706
-28.8399,-0.1081,25.0556
-28.6049,0.3619,25.5206
-28.8009,0.8329,25.1306
-29.6249,1.3029,23.5216
-28.3359,-0.5791,24.2236
-28.0789,-0.1081,24.7256
-27.9889,0.3619,24.9036
-28.1059,0.8329,24.6726
-27.4929,-0.5791,24.0596
-27.4349,-0.1081,24.1726
-27.4179,0.3619,24.2056
-27.6109,0.8329,23.8286
-26.5069,-0.5791,24.1696
-26.6529,-0.1081,23.8856
-26.3589,0.3619,24.4616
-27.1569,0.8329,22.9006
-25.8919,-0.5791,23.5576
-26.1099,-0.1081,23.1306
-25.9799,0.3619,23.3856
-26.3869,0.8329,22.5916
-25.2879,-0.5791,22.9216
-25.5409,-0.1081,22.4286
-25.2459,0.3619,23.0046
-25.6919,0.8329,22.1326
-24.4849,-0.5791,22.6786
-24.7679,-0.1081,22.1266
-24.6899,0.3619,22.2786
-25.0849,0.8329,21.5016
-23.7759,-0.5791,22.2486
-24.2439,-0.1081,21.3296
-24.0049,0.3619,21.8036
-24.3739,0.8329,21.0736
-23.2389,-0.5791,21.4836
-23.5709,-0.1081,20.8276
-23.2339,0.3619,21.4926
-23.6099,0.8329,20.7486
-22.4159,-0.5791,21.2776
-22.8359,-0.1081,20.4466
-22.4979,0.3619,21.1146
-23.2509,0.8329,19.6306
-21.9809,-0.5791,20.3046
-22.1449,-0.1081,19.9806
-22.6709,0.3619,18.9476
-22.7569,0.8329,18.7796
-21.5299,-0.5791,19.3636
-21.3799,-0.1081,19.6596
-21.6009,0.3619,19.2226
-21.9499,0.8329,18.5416
-20.7239,-0.5791,19.1216
-20.8799,-0.1081,18.8176
-21.1429,0.3619,18.3036
-20.7479,0.8329,19.0756
-20.1859,-0.5791,18.3606
-20.0049,-0.1081,18.7136
-20.2949,0.3619,18.1486
-19.5259,-0.5791,17.8366
-19.2199,-0.1081,18.4326
-19.5779,0.3619,17.7346
-19.9209,0.8329,17.0646
-18.9959,-0.5791,17.0566
-18.9429,-0.1081,17.1596
-19.1329,0.3619,16.7896
-19.9279,0.8329,15.2496
-18.2859,-0.5791,16.6306
-18.1859,-0.1081,16.8246
-18.6749,0.3619,15.8756
-17.6259,-0.5791,16.1096
-17.4139,-0.1081,16.5216
-17.9649,0.3619,15.4526
-16.8919,-0.5791,15.7246
-16.6369,-0.1081,16.2236
-17.0989,0.3619,15.3176
-16.4409,-0.5791,14.7906
-15.9999,-0.1081,15.6536
-16.5829,0.3619,14.5116
-15.5219,-0.5791,14.7726
-15.5239,-0.1081,14.7706
-15.7369,0.3619,14.3526
-14.9889,-0.5791,13.9816
-14.9319,-0.1081,14.0946
-15.4689,0.3619,13.0726
-14.2459,-0.5791,13.6616
-14.2229,-0.1081,13.7086
-14.6669,0.3619,12.8196
-13.5429,-0.5791,13.3236
-13.5049,-0.1081,13.3986
-14.3799,0.3619,11.6516
-13.0619,-0.5791,12.5196
-13.0209,-0.1081,12.6006
-13.7389,0.3619,11.1686
-12.4089,-1.0501,12.0616
-12.5279,-0.5791,11.8246
-12.4839,-0.1081,11.9106
-12.8439,0.3619,11.1936
-11.6489,-1.0501,11.8246
-11.8179,-0.5791,11.4846
-12.4629,-0.1081,10.1906
-12.4739,0.3619,10.1686
-11.3119,-1.0501,10.7256
-11.2549,-0.5791,10.8406
-11.6949,-0.1081,9.9606
-10.5459,-1.0501,10.4906
-10.5459,-0.5791,10.4906
-8.3629,-0.1081,7.8216
-7.1869,-0.1081,8.4066
-6.9279,-0.1081,7.1586
-6.5009,-0.1081,6.2506
-5.8529,0.3619,4.0396
-59.8869,27.3199,23.4146
-59.7769,27.7869,22.7046
-59.7769,28.2569,22.7046
-59.7709,28.7269,22.6626
-59.6679,29.1919,21.9936
-59.0349,26.8469,22.9236
-59.0619,27.3179,23.0976
-59.0239,27.7879,22.8506
-59.1159,28.2619,23.4466
-59.0199,28.7279,22.8266
-58.9539,29.1949,22.3966
-58.9389,29.6649,22.3016
-58.9389,30.1349,22.3016
-58.4199,14.1609,24.0336
-58.4199,14.6299,24.0336
-58.2929,17.4469,23.2166
-58.2759,17.9169,23.1086
-58.1279,18.3809,22.1546
-58.1979,18.8549,22.6036
-58.2949,25.4389,23.2286
-58.2989,25.9099,23.2536
-58.3809,26.3829,23.7816
-58.3599,26.8519,23.6466
-58.3399,27.3209,23.5156
-58.3339,27.7919,23.4796
-58.3239,28.2619,23.4126
-58.3269,28.7319,23.4356
-58.2529,29.1989,22.9606
-58.2209,29.6679,22.7516
-58.2869,30.1409,23.1756
-58.1979,30.6069,22.6036
-57.7949,12.7559,25.0086
-57.7919,13.2259,24.9846
-57.7049,13.6919,24.4276
-57.6789,14.1619,24.2596
-57.7679,14.6359,24.8306
-57.6989,15.1039,24.3906
-57.6909,15.5729,24.3416
-57.7689,16.0469,24.8416
-57.5869,16.5099,23.6686
-57.5929,16.9809,23.7056
-57.5799,17.4499,23.6266
-57.5489,17.9189,23.4246
-57.4959,18.3879,23.0846
-57.4689,18.8569,22.9116
-57.4059,19.3249,22.5056
-57.4689,19.7979,22.9116
-57.4689,20.2679,22.9116
-57.3669,20.7339,22.2486
-57.5719,23.5629,23.5716
-57.4689,24.0279,22.9116
-57.5609,24.5009,23.4996
-57.5739,24.9719,23.5886
-57.5299,25.4399,23.3046
-57.5889,25.9129,23.6856
-57.5949,26.3829,23.7236
-57.6049,26.8529,23.7866
-57.6199,27.3239,23.8806
-57.6879,27.7979,24.3206
-57.6859,28.2679,24.3086
-57.7449,28.7409,24.6846
-57.6599,29.2069,24.1366
-57.6599,29.6769,24.1366
-57.6019,30.1449,23.7696
-57.5679,30.6139,23.5466
-57.4689,31.0799,22.9116
-57.4689,31.5519,22.9116
-57.4689,32.0209,22.9116
-57.4079,6.6589,27.5096
-57.4079,7.1259,27.5096
-57.4079,8.0679,27.5096
-57.0689,9.9349,25.3656
-57.1849,11.3539,26.0796
-56.9529,11.8129,24.6526
-57.0629,12.2879,25.3286
-57.0629,12.7589,25.3286
-57.0689,13.2279,25.3656
-57.0769,13.6989,25.4136
-57.0719,14.1699,25.3806
-57.0499,14.6389,25.2496
-57.0559,15.1099,25.2866
-57.0549,15.5799,25.2786
-56.9709,16.0469,24.7586
-56.9739,16.5169,24.7766
-56.9789,16.9889,24.8106
-56.9469,17.4569,24.6106
-56.8619,17.9239,24.0676
-56.8699,18.3949,24.1166
-56.8419,18.8639,23.9376
-56.7459,19.3309,23.3206
-56.8279,19.8049,23.8476
-56.8319,20.2749,23.8726
-56.8419,20.7459,23.9376
-56.8419,21.2159,23.9376
-56.9179,21.6909,24.4236
-56.8419,22.1559,23.9376
-56.9529,22.6309,24.6526
-56.9529,23.1009,24.6526
-56.8489,23.5649,23.9796
-56.8479,24.0349,23.9746
-56.8359,24.5039,23.8956
-56.9739,24.9799,24.7826
-56.9299,25.4479,24.4996
-56.9369,25.9189,24.5466
-57.0289,26.3929,25.1166
-56.9749,26.8599,24.7866
-56.9739,27.3299,24.7826
-57.0569,27.8049,25.2896
-57.0669,28.2759,25.3506
-56.9529,28.7409,24.6526
-56.9599,29.2109,24.6936
-56.9529,29.6809,24.6526
-56.9529,30.1509,24.6526
-56.8749,30.6179,24.1476
-56.8619,31.0879,24.0636
-56.9159,31.5619,24.4146
-56.7309,32.0229,23.2226
-56.7309,32.4939,23.2226
-56.6469,32.9599,22.6866
-56.5079,33.4239,21.7926
-56.6699,5.7169,27.8206
-56.7739,6.1959,28.4936
-56.7429,6.6639,28.2936
-56.7709,7.1319,28.4736
-56.7449,7.6009,28.3076
-56.6519,8.0689,27.7056
-56.6429,8.5389,27.6486
-56.5649,9.0089,27.1476
-56.5439,9.4749,27.0126
-56.5379,9.9459,26.9756
-56.4549,10.4119,26.4376
-56.4549,10.8859,26.4376
-56.4729,11.3569,26.5556
-56.4689,11.8259,26.5286
-56.4409,12.2949,26.3486
-56.4219,12.7649,26.2266
-56.3709,13.2319,25.9006
-56.5039,13.7079,26.7556
-56.4289,14.1769,26.2716
-56.4119,14.6449,26.1656
-56.4849,15.1189,26.6336
-56.3709,15.5839,25.9036
-56.3549,16.0539,25.7946
-56.4289,16.5279,26.2756
-56.3459,16.9949,25.7406
-56.2409,17.4599,25.0626
-56.2599,17.9319,25.1886
-56.3289,18.4049,25.6336
-56.2249,18.8719,24.9606
-56.3219,19.3459,25.5856
-56.3359,19.8169,25.6756
-56.2249,20.2829,24.9606
-56.2249,20.7529,24.9606
-56.3269,21.2279,25.6206
-56.2249,21.6949,24.9606
-56.2249,22.1639,24.9606
-56.2249,23.5719,24.9606
-56.3359,24.0469,25.6756
-56.3269,24.5159,25.6206
-56.3289,24.9859,25.6276
-56.2249,25.4519,24.9606
-56.4469,25.9309,26.3906
-56.3359,26.3959,25.6756
-56.4469,26.8719,26.3906
-56.4369,27.3409,26.3256
-56.3689,27.8089,25.8876
-56.4689,28.2839,26.5286
-56.4289,28.7519,26.2756
-56.3459,29.2179,25.7366
-56.2489,29.6839,25.1136
-56.2669,30.1549,25.2356
-56.3159,30.6279,25.5496
-56.2249,31.0939,24.9606
-56.2249,31.5659,24.9606
-56.1059,32.0299,24.1976
-56.0909,32.4999,24.1026
-56.0909,32.9699,24.1026
-56.0019,33.4359,23.5306
-56.0489,4.7839,28.8336
-56.0269,5.2529,28.6906
-55.9529,5.7189,28.2146
-56.0449,6.1989,28.8066
-56.0399,6.6679,28.7786
-56.0299,7.1339,28.7146
-56.0429,7.6049,28.7936
-56.0199,8.0759,28.6476
-56.0339,8.5459,28.7366
-55.9289,9.0149,28.0616
-55.8439,9.4789,27.5096
-55.8329,9.9489,27.4366
-55.8319,10.4189,27.4326
-55.8689,10.8949,27.6746
-55.7679,11.3609,27.0186
-55.7999,11.8309,27.2246
-55.8199,12.3019,27.3566
-55.8209,12.7729,27.3586
-55.8159,13.2419,27.3296
-55.8239,13.7129,27.3796
-55.8199,14.1839,27.3566
-55.8009,14.6529,27.2306
-55.8069,15.1239,27.2726
-55.7989,15.5929,27.2176
-55.7399,16.0609,26.8406
-55.8219,16.5359,27.3666
-55.7279,17.0019,26.7576
-55.7289,17.4719,26.7626
-55.7189,17.9419,26.6986
-55.8209,18.4169,27.3606
-56.3829,21.7369,30.9786
-56.3829,24.5529,30.9786
-56.1599,25.9529,29.5486
-55.9379,26.4139,28.1186
-56.0369,26.8879,28.7546
-55.9379,27.3529,28.1186
-55.9639,27.8259,28.2906
-55.8399,28.2909,27.4876
-55.8499,28.7609,27.5506
-55.8089,29.2289,27.2836
-55.7189,29.6949,26.6986
-55.7189,30.1659,26.6986
-55.6189,30.6309,26.0866
-55.6029,31.1009,25.9846
-55.5899,31.5729,25.9056
-55.5859,32.0419,25.8826
-55.3979,32.5039,24.6996
-55.3879,32.9739,24.6356
-55.2639,33.4379,23.8416
-55.3249,3.3759,29.1396
-55.4119,3.8499,29.6316
-55.3759,4.3189,29.4276
-55.2499,4.7829,28.7136
-55.3359,5.2569,29.2016
-55.3639,5.7269,29.3606
-55.3479,6.2019,29.2726
-55.4379,6.6749,29.7786
-55.3579,7.1379,29.3266
-55.3489,7.6079,29.2766
-55.4279,8.0829,29.7256
-55.3549,8.5499,29.3116
-55.3379,9.0229,29.2156
-55.2399,9.4869,28.6586
-55.2179,9.9569,28.5316
-55.2069,10.4259,28.4746
-55.1939,10.8999,28.3916
-55.1929,11.3699,28.3866
-55.1929,11.8389,28.3846
-55.1879,12.3089,28.3556
-55.1999,12.7799,28.4296
-55.1999,13.2499,28.4296
-55.2139,13.7209,28.5136
-55.2279,14.1929,28.5876
-55.2959,14.6649,28.9766
-55.2169,15.1319,28.5276
-55.2179,15.6029,28.5316
-55.2199,16.0729,28.5436
-55.3249,16.5479,29.1396
-55.4289,17.0229,29.7316
-55.4499,17.4939,29.8496
-55.6879,17.9739,31.2636
-55.6799,18.4439,31.2116
-55.7079,18.9159,31.3766
-55.7179,19.3869,31.4326
-55.8169,19.8609,31.9946
-55.6879,20.3269,31.2636
-55.8119,20.8019,31.9686
-55.7899,21.2709,31.8446
-55.9149,21.7479,32.5566
-55.6879,22.2079,31.2636
-55.8299,22.6829,32.0696
-55.8199,23.6209,32.0156
-55.8119,24.0909,31.9686
-55.6879,24.5549,31.2636
-55.4499,26.8959,29.8496
-55.4499,27.8359,29.8496
-55.1999,28.2969,28.4296
-55.1999,28.7669,28.4296
-55.1999,29.2369,28.4296
-54.9809,30.1679,27.0096
-54.9809,30.6379,27.0096
-54.8849,31.1039,26.3966
-54.8909,31.5759,26.4376
-54.6689,32.9759,25.0076
-54.6389,2.4369,29.3086
-54.7529,2.9109,29.9586
-54.7619,3.3819,30.0066
-54.6919,3.8499,29.6076
-54.7039,4.3209,29.6786
-54.8219,4.7949,30.3496
-54.7189,5.2609,29.7626
-54.7769,5.7329,30.0956
-54.7899,6.2079,30.1706
-54.8369,6.6789,30.4386
-54.7909,7.1439,30.1766
-54.8049,7.6149,30.2556
-54.7189,8.0839,29.7626
-54.7879,8.5559,30.1576
-54.8249,9.0309,30.3656
-54.7809,9.4969,30.1146
-54.7449,9.9669,29.9136
-54.6599,10.4329,29.4256
-54.5809,10.9039,28.9786
-54.7249,11.3799,29.7966
-54.6569,11.8469,29.4096
-54.6599,12.3169,29.4286
-54.5809,12.7839,28.9756
-54.5899,13.2539,29.0276
-54.6909,13.7279,29.6046
-54.8169,14.2049,30.3206
-54.7689,14.6719,30.0466
-54.8559,15.1459,30.5466
-54.8079,15.6149,30.2716
-55.0179,16.0939,31.4666
-55.0979,16.5669,31.9416
-55.1129,17.0389,32.0326
-55.1339,17.5099,32.1576
-55.0629,17.9769,31.7346
-55.1439,18.4509,32.2166
-55.1569,18.9229,32.2916
-55.1529,19.3929,32.2656
-55.1679,19.8639,32.3596
-55.1839,20.3349,32.4546
-55.2559,20.8079,32.8776
-55.4399,21.2859,33.9346
-55.1639,21.7459,32.3336
-55.6729,22.2349,35.2536
-55.5569,22.7009,34.5966
-55.7639,23.1789,35.7696
-55.8879,23.6529,36.4746
-55.7739,24.1179,35.8256
-55.7849,24.5869,35.8866
-55.8659,25.0609,36.3506
-55.9879,25.5359,37.0456
-55.7639,25.9969,35.7696
-54.0349,32.9819,25.8746
-54.1009,1.9739,30.3216
-54.0639,2.4419,30.1116
-54.1059,2.9139,30.3526
-54.0899,3.3839,30.2586
-54.1139,3.8549,30.3966
-54.1279,4.3259,30.4776
-54.1869,4.7979,30.8166
-54.1519,5.2669,30.6116
-54.2049,5.7379,30.9176
-54.1569,6.2109,30.6426
-54.2299,6.6839,31.0616
-54.2409,7.1509,31.1226
-54.2999,7.6229,31.4566
-54.2479,8.0929,31.1636
-54.2449,8.5629,31.1466
-54.2919,9.0379,31.4106
-54.2239,9.5029,31.0236
-54.2059,9.9739,30.9226
-54.1109,10.4399,30.3796
-54.1199,10.9139,30.4306
-54.2349,11.3889,31.0856
-54.1319,11.8539,30.4976
-54.1889,12.3269,30.8276
-54.1239,12.7939,30.4566
-54.1179,13.2639,30.4216
-54.2039,13.7369,30.9126
-54.1899,14.2079,30.8336
-54.1419,14.6759,30.5586
-54.1739,15.1479,30.7396
-54.4369,15.6279,32.2406
-54.4929,16.1009,32.5596
-54.5089,16.5719,32.6506
-54.6059,17.0469,33.2006
-54.6619,17.5189,33.5336
-54.6939,17.9909,33.7256
-54.6909,18.4619,33.7056
-54.6849,18.9319,33.6726
-54.6999,19.4029,33.7596
-54.7179,19.8739,33.8706
-54.8099,20.3489,34.4166
-54.9449,20.8239,35.1916
-55.1129,21.3009,36.1406
-55.2239,21.7769,36.7766
-55.3229,22.2499,37.3366
-55.2389,22.7159,36.8606
-55.4459,23.1949,38.0436
-55.3569,23.6599,37.5346
-55.3649,24.1299,37.5776
-55.3419,24.5979,37.4446
-55.3669,25.0689,37.5906
-55.4649,25.5439,38.1506
-55.5889,26.0179,38.8556
-55.5889,26.4879,38.8556
-55.5889,26.9589,38.8556
-53.4409,1.5059,30.6446
-53.4409,1.9759,30.6446
-53.3719,2.4429,30.2536
-53.4509,2.9159,30.7026
-53.5229,3.3899,31.1096
-53.5389,3.8609,31.2006
-53.4819,4.3289,30.8766
-53.5589,4.8019,31.3166
-53.4919,5.2689,30.9376
-53.5799,5.7419,31.4356
-53.5789,6.2169,31.4306
-53.6009,6.6869,31.5546
-53.6739,7.1569,31.9716
-53.6629,7.6269,31.9086
-53.6799,8.0989,32.0046
-53.6849,8.5689,32.0336
-53.6879,9.0429,32.0556
-53.6099,9.5069,31.6056
-53.6549,9.9799,31.8646
-53.6709,10.4509,31.9586
-53.6459,10.9229,31.8136
-53.5979,11.3919,31.5396
-53.5909,11.8609,31.4966
-53.6199,12.3319,31.6636
-53.6229,12.8029,31.6846
-53.6099,13.2719,31.6066
-53.6709,13.7449,31.9546
-53.7479,14.2189,32.3936
-53.7899,14.6899,32.6366
-53.8199,15.1619,32.8076
-53.8909,15.6349,33.2076
-53.9399,16.1079,33.4926
-54.1079,16.5849,34.4786
-54.1239,17.0569,34.5756
-54.1949,17.5299,34.9926
-54.1719,17.9989,34.8586
-54.2859,18.4739,35.5076
-54.3159,18.9459,35.6826
-54.5129,19.4249,36.8056
-54.3769,19.8899,36.0306
-54.4919,20.3649,36.6846
-54.5959,20.8389,37.2756
-54.6659,21.3119,37.6756
-54.7119,21.7849,37.9416
-54.7879,22.2569,38.3716
-54.7939,22.7269,38.4036
-54.8149,23.1979,38.5276
-54.8899,23.6699,38.9526
-54.8509,24.1379,38.7336
-54.9149,24.6099,39.0976
-55.0269,25.0839,39.7336
-55.0269,25.5549,39.7356
-55.0629,26.0259,39.9436
-55.0819,26.4969,40.0486
-55.2349,26.9729,40.9376
-55.1969,27.4409,40.7086
-55.4079,27.9209,41.9546
-53.0189,0.5759,32.3206
-52.8009,1.0379,31.0756
-52.8439,1.5099,31.3216
-52.7869,1.9779,31.0006
-52.9129,2.4529,31.7186
-52.8649,2.9209,31.4406
-52.9359,3.3949,31.8506
-52.9019,3.8639,31.6526
-52.8829,4.3339,31.5466
-52.9599,4.8059,31.9856
-52.9079,5.2739,31.6916
-52.9819,5.7469,32.1116
-53.0009,6.2229,32.2216
-53.0249,6.6929,32.3586
-53.0189,7.1589,32.3206
-53.0339,7.6299,32.4066
-53.0009,8.1009,32.2196
-53.0769,8.5739,32.6486
-53.0999,9.0479,32.7806
-53.0559,9.5139,32.5296
-53.0609,9.9849,32.5576
-53.0389,10.4539,32.4336
-53.1059,10.9299,32.8156
-53.1359,11.4019,32.9826
-53.1089,11.8699,32.8336
-53.1239,12.3409,32.9166
-53.1049,12.8109,32.8106
-53.1099,13.2809,32.8396
-53.1909,13.7539,33.2936
-53.1899,14.2259,33.2916
-53.2869,14.6989,33.8396
-53.2839,15.1689,33.8216
-53.3049,15.6399,33.9456
-53.4689,16.1169,34.8796
-53.6139,16.5939,35.7296
-53.6259,17.0659,35.8016
-53.7469,17.5399,36.5166
-53.8059,18.0129,36.8576
-53.8919,18.4869,37.3456
-53.9629,18.9609,37.7516
-53.9659,19.4309,37.7676
-53.9899,19.9029,37.9086
-53.9449,20.3709,37.6506
-54.0929,20.8469,38.4936
-54.1049,21.3179,38.5626
-54.1499,21.7909,38.8176
-54.1959,22.2619,39.0776
-54.2149,22.7329,39.1916
-54.2459,23.2039,39.3666
-54.2779,23.6739,39.5456
-54.3759,24.1479,40.1036
-54.3929,24.6169,40.1996
-54.4579,25.0899,40.5686
-54.4849,25.5619,40.7216
-54.5169,26.0329,40.9006
-54.5379,26.5039,41.0226
-54.6379,26.9779,41.5946
-54.6429,27.4469,41.6186
-54.8399,27.9269,42.7656
-54.8429,28.3969,42.7816
-52.3519,0.1089,32.5946
-52.2449,0.5729,31.9586
-52.2129,1.0429,31.7726
-52.2379,1.5149,31.9206
-52.2809,1.9869,32.1736
-52.2149,2.4539,31.7866
-52.2359,2.9249,31.9106
-52.2539,3.3959,32.0136
-52.2569,3.8669,32.0336
-52.2629,4.3379,32.0666
-52.2849,4.8079,32.1966
-52.2699,5.2769,32.1096
-52.3009,5.7479,32.2936
-52.3549,6.2249,32.6096
-52.3869,6.6959,32.7936
-52.3969,7.1629,32.8496
-52.4489,7.6349,33.1476
-52.4609,8.1079,33.2126
-52.4679,8.5779,33.2546
-52.5079,9.0529,33.4806
-52.5429,9.5219,33.6826
-52.5249,9.9919,33.5766
-52.4599,10.4599,33.2086
-52.4939,10.9349,33.4006
-52.4869,11.4049,33.3626
-52.4969,11.8749,33.4196
-52.5469,12.3469,33.7066
-52.4879,12.8149,33.3686
-52.5629,13.2869,33.7976
-52.5539,13.7569,33.7446
-52.6489,14.2319,34.2836
-52.7709,14.7069,34.9816
-52.7599,15.1769,34.9176
-52.8999,15.6529,35.7196
-53.0289,16.1279,36.4536
-53.0879,16.6009,36.7906
-53.1959,17.0769,37.4296
-53.2389,17.5479,37.6836
-53.3009,18.0219,38.0516
-53.3219,18.4929,38.1776
-53.3389,18.9649,38.2786
-53.3639,19.4359,38.4216
-53.3609,19.9059,38.4016
-53.4869,20.3819,39.1216
-53.4619,20.8509,38.9806
-53.5509,21.3249,39.4886
-53.5649,21.7969,39.5646
-53.5739,22.2659,39.6156
-53.5889,22.7359,39.7016
-53.6919,23.2099,40.2846
-53.7059,23.6799,40.3676
-53.7199,24.1499,40.4426
-53.7919,24.6219,40.8516
-53.8219,25.0929,41.0206
-53.8359,25.5639,41.1046
-53.8899,26.0359,41.4076
-53.9419,26.5079,41.7056
-54.0569,26.9829,42.3606
-54.0809,27.4529,42.4986
-54.0849,27.9249,42.5226
-54.0779,28.3949,42.4806
-53.8299,30.7359,41.0706
-51.5949,0.1069,32.3426
-51.6339,0.5779,32.5756
-51.6139,1.0469,32.4536
-51.6049,1.5179,32.4016
-51.5779,1.9869,32.2436
-51.6359,2.4599,32.5816
-51.5519,2.9259,32.0906
-51.5969,3.3979,32.3536
-51.6179,3.8699,32.4776
-51.6619,4.3419,32.7366
-51.6799,4.8119,32.8456
-51.6579,5.2809,32.7126
-51.7309,5.7539,33.1366
-51.7509,6.2299,33.2516
-51.7729,6.6999,33.3776
-51.7899,7.1669,33.4706
-51.7769,7.6369,33.3996
-51.7909,8.1099,33.4766
-51.8249,8.5809,33.6696
-51.8439,9.0549,33.7826
-51.8579,9.5229,33.8586
-51.9159,9.9959,34.1926
-51.8819,10.4649,33.9966
-51.8659,10.9379,33.9046
-51.8619,11.4089,33.8826
-51.8589,11.8779,33.8676
-51.9369,12.3509,34.3116
-51.9719,12.8229,34.5086
-52.0699,13.2959,35.0666
-52.0549,13.7659,34.9846
-52.1309,14.2399,35.4176
-52.2099,14.7129,35.8656
-52.3369,15.1889,36.5936
-52.4279,15.6619,37.1096
-52.5289,16.1369,37.6856
-52.5579,16.6089,37.8536
-52.5829,17.0809,37.9916
-52.6589,17.5539,38.4306
-52.6669,18.0239,38.4706
-52.7289,18.4979,38.8396
-52.7639,18.9699,39.0436
-52.7609,19.4399,39.0296
-52.7289,19.9089,38.8396
-52.8049,20.3829,39.2836
-52.8349,20.8539,39.4606
-52.8979,21.3269,39.8346
-52.9509,21.8009,40.1406
-52.9739,22.2699,40.2706
-52.9929,22.7409,40.3776
-53.0289,23.2119,40.5876
-53.0479,23.6819,40.6926
-53.1149,24.1539,41.0756
-53.1039,24.6229,41.0146
-53.2259,25.0979,41.7056
-53.2409,25.5689,41.7926
-53.2579,26.0399,41.8906
-53.2819,26.5109,42.0256
-53.3399,26.9829,42.3576
-53.3939,27.4549,42.6666
-53.3889,27.9259,42.6376
-53.1609,30.7379,41.3356
-52.9129,31.1989,39.9246
-50.9479,0.1089,32.6986
-50.9249,0.5779,32.5676
-50.9049,1.0469,32.4526
-50.9159,1.5189,32.5126
-50.9189,1.9889,32.5326
-50.9139,2.4589,32.5006
-50.9009,2.9279,32.4306
-50.9699,3.4019,32.8236
-50.9889,3.8729,32.9326
-51.0139,4.3449,33.0726
-51.0139,4.8139,33.0716
-51.0399,5.2849,33.2246
-51.0949,5.7569,33.5506
-51.1239,6.2329,33.7256
-51.1419,6.7029,33.8356
-51.1489,7.1699,33.8756
-51.2039,7.6429,34.2006
-51.2209,8.1149,34.3036
-51.1829,8.5839,34.0776
-51.2669,9.0599,34.5726
-51.2259,9.5259,34.3296
-51.2839,9.9999,34.6696
-51.3239,10.4709,34.8976
-51.2839,10.9429,34.6696
-51.3559,11.4169,35.0826
-51.2799,11.8829,34.6496
-51.3169,12.3549,34.8596
-51.4339,12.8299,35.5246
-51.4719,13.3009,35.7446
-51.5289,13.7729,36.0706
-51.6299,14.2489,36.6426
-51.6879,14.7209,36.9746
-51.8489,15.1979,37.8886
-51.8719,15.6689,38.0206
-51.8939,16.1399,38.1446
-51.9089,16.6109,38.2296
-51.9779,17.0849,38.6196
-52.0079,17.5559,38.7916
-52.0909,18.0299,39.2646
-52.1119,18.5009,39.3856
-52.0799,18.9709,39.2006
-52.1479,19.4439,39.5906
-52.1479,19.9139,39.5866
-52.1789,20.3859,39.7666
-52.2889,20.8609,40.3996
-52.2709,21.3299,40.2946
-52.3169,21.8039,40.5686
-52.2879,22.2709,40.3936
-52.3919,22.7449,41.0126
-52.3579,23.2139,40.8086
-52.3919,23.6839,41.0126
-52.4649,24.1569,41.4476
-52.5289,24.6289,41.8186
-52.5369,25.0989,41.8646
-52.5749,25.5709,42.0826
-52.6399,26.0439,42.4516
-52.5859,26.5109,42.1406
-52.6919,26.9859,42.7496
-52.6289,27.4529,42.3886
-52.2529,31.1999,40.1866
-52.0059,31.6629,38.7766
-50.2409,0.1099,32.7526
-50.2429,0.5789,32.7596
-50.2259,1.0489,32.6626
-50.2309,1.5199,32.6956
-50.2429,1.9909,32.7636
-50.2439,2.4609,32.7696
-50.2419,2.9299,32.7566
-50.2939,3.4029,33.0506
-50.3219,3.8749,33.2136
-50.3419,4.3459,33.3236
-50.3369,4.8149,33.2956
-50.3999,5.2879,33.6586
-50.4189,5.7579,33.7656
-50.4479,6.2339,33.9316
-50.4229,6.7029,33.7856
-50.4599,7.1709,33.9996
-50.4819,7.6419,34.1226
-50.5639,8.1169,34.5916
-50.5819,8.5879,34.6926
-50.5859,9.0609,34.7166
-50.5959,9.5299,34.7756
-50.6299,10.0019,34.9776
-50.6379,10.4719,35.0246
-50.6249,10.9449,34.9476
-50.6949,11.4189,35.3596
-50.6939,11.8879,35.3556
-50.7279,12.3599,35.5586
-50.8289,12.8339,36.1566
-50.8709,13.3049,36.3966
-51.0489,13.7829,37.4036
-51.0149,14.2529,37.2136
-51.1599,14.7279,38.0376
-51.1889,15.1999,38.2036
-51.2069,15.6709,38.3046
-51.2949,16.1449,38.8106
-51.3709,16.6179,39.2386
-51.3899,17.0899,39.3486
-51.4259,17.5619,39.5526
-51.4269,18.0319,39.5606
-51.5259,18.5069,40.1236
-51.4939,18.9759,39.9406
-51.5339,19.4479,40.1726
-51.4989,19.9169,39.9716
-51.5919,20.3909,40.5026
-51.6389,20.8629,40.7696
-51.6629,21.3349,40.9066
-51.6879,21.8069,41.0466
-51.6379,22.2739,40.7616
-51.7549,22.7479,41.4306
-51.7479,23.2179,41.3916
-51.7959,23.6889,41.6626
-51.7879,24.1579,41.6206
-51.8819,24.6309,42.1656
-51.8979,25.1019,42.2636
-51.8579,25.5709,42.0236
-51.8939,26.0419,42.2356
-51.8829,26.5119,42.1716
-51.9389,26.9839,42.5046
-51.5829,31.2019,40.4516
-51.4679,31.6699,39.7936
-49.5669,-0.3601,32.9936
-49.5469,0.1109,32.8786
-49.5369,0.5799,32.8216
-49.5259,1.0499,32.7566
-49.5309,1.5209,32.7876
-49.5569,1.9919,32.9336
-49.5439,2.4609,32.8566
-49.5709,2.9319,33.0136
-49.6079,3.4049,33.2276
-49.6319,3.8759,33.3636
-49.6559,4.3479,33.4986
-49.6339,4.8159,33.3756
-49.7389,5.2899,33.9716
-49.7519,5.7599,34.0476
-49.7459,6.2349,34.0116
-49.7819,6.7059,34.2156
-49.8109,7.1739,34.3806
-49.7789,7.6429,34.1986
-49.8629,8.1179,34.6766
-49.8489,8.5869,34.5986
-49.9059,9.0629,34.9246
-49.9219,9.5309,35.0126
-49.9539,10.0029,35.1956
-49.9489,10.4729,35.1676
-50.0729,10.9519,35.8756
-49.9279,11.4169,35.0476
-50.0689,11.8919,35.8556
-50.1489,12.3649,36.3126
-50.2609,12.8399,36.9666
-50.3229,13.3119,37.3296
-50.4869,13.7889,38.2846
-50.4339,14.2579,37.9826
-50.5389,14.7319,38.5796
-50.5749,15.2039,38.7836
-50.6429,15.6769,39.1756
-50.6779,16.1489,39.3706
-50.6589,16.6189,39.2656
-50.7509,17.0929,39.7906
-50.7909,17.5649,40.0196
-50.8669,18.0379,40.4516
-50.8439,18.5079,40.3226
-50.9069,18.9809,40.6806
-50.9139,19.4519,40.7166
-50.9229,19.9229,40.7686
-50.9739,20.3949,41.0616
-50.9539,20.8639,40.9466
-51.0429,21.3389,41.4546
-51.0369,21.8099,41.4216
-51.0649,22.2799,41.5816
-51.1279,22.7519,41.9386
-51.1459,23.2229,42.0436
-51.0999,23.6899,41.7806
-51.0929,24.1589,41.7406
-51.1549,24.6309,42.0936
-51.1559,25.1009,42.0976
-51.2189,25.5739,42.4556
-51.1899,26.0419,42.2906
-51.2579,26.5149,42.6786
-50.6659,31.6659,39.3066
-50.5599,32.1309,38.7016
-49.1879,33.0169,30.8306
-48.9499,33.4769,29.4166
-48.8829,-0.3591,33.1746
-48.8709,0.1119,33.1036
-48.8129,0.5789,32.7726
-48.8389,1.0509,32.9206
-48.8289,1.5209,32.8666
-48.8779,1.9929,33.1476
-48.8769,2.4629,33.1416
-48.8929,2.9339,33.2296
-48.9389,3.4059,33.4926
-48.9729,3.8779,33.6896
-48.9539,4.3479,33.5806
-49.0549,4.8209,34.1576
-48.9769,5.2879,33.7116
-49.0659,5.7609,34.2186
-49.0489,6.2359,34.1216
-49.1189,6.7079,34.5216
-49.1309,7.1749,34.5886
-49.1339,7.6449,34.6086
-49.1809,8.1189,34.8756
-49.2149,8.5909,35.0686
-49.2349,9.0649,35.1846
-49.2559,9.5329,35.3006
-49.2669,10.0049,35.3656
-49.2569,10.4739,35.3096
-49.4009,10.9539,36.1236
-49.4029,11.4239,36.1326
-49.5439,11.8989,36.9326
-49.5699,12.3699,37.0806
-49.6469,12.8439,37.5186
-49.7489,13.3169,38.1026
-49.8379,13.7909,38.6286
-49.8789,14.2649,38.8716
-49.9069,14.7349,39.0376
-49.9279,15.2069,39.1636
-50.0459,15.6819,39.8536
-50.0349,16.1519,39.7936
-50.0849,16.6239,40.0776
-50.1209,17.0969,40.2836
-50.1599,17.5679,40.5016
-50.1669,18.0389,40.5466
-50.3009,18.5149,41.3076
-50.3059,18.9859,41.3386
-50.2599,19.4549,41.0746
-50.2099,19.9229,40.7906
-50.3369,20.3979,41.5146
-50.3529,20.8689,41.6026
-50.4229,21.3419,42.0026
-50.4439,21.8149,42.1206
-50.4239,22.2829,42.0076
-50.4309,22.7529,42.0496
-50.4809,23.2249,42.3336
-50.4909,23.6939,42.3916
-50.4829,24.1629,42.3476
-50.4449,24.6309,42.1306
-50.4309,25.0999,42.0496
-50.5019,25.5739,42.4556
-50.4809,26.0429,42.3356
-50.9889,26.5329,45.2226
-49.9959,31.6679,39.5716
-49.8849,32.1329,38.9056
-49.7589,32.5979,38.1576
-48.6469,33.0239,31.7996
-48.3949,33.4839,30.3326
-48.0329,33.9389,28.2716
-48.1359,-0.3601,32.9506
-48.0989,0.1099,32.7326
-48.1229,0.5799,32.8696
-48.1009,1.0499,32.7446
-48.1809,1.5239,33.2166
-48.2019,1.9949,33.3406
-48.1649,2.4629,33.1216
-48.1619,2.9329,33.1026
-48.2529,3.4069,33.6436
-48.2469,3.8779,33.6106
-48.2829,4.3499,33.8216
-48.3059,4.8199,33.9576
-48.3129,5.2899,34.0036
-48.3629,5.7619,34.2936
-48.3449,6.2359,34.1926
-48.3849,6.7069,34.4146
-48.4199,7.1749,34.6166
-48.4559,7.6469,34.8176
-48.5309,8.1219,35.2416
-48.4909,8.5899,35.0166
-48.5449,9.0659,35.3216
-48.5469,9.5329,35.3316
-48.6279,10.0079,35.7926
-48.7239,10.4809,36.3406
-48.8069,10.9579,36.8176
-48.8659,11.4309,37.1546
-48.9779,11.9049,37.7926
-49.0239,12.3769,38.0516
-49.0379,12.8479,38.1316
-49.1889,13.3239,38.9946
-49.2059,13.7939,39.0926
-49.2719,14.2689,39.4686
-49.2879,14.7389,39.5576
-49.3779,15.2129,40.0836
-49.4079,15.6839,40.2626
-49.4289,16.1559,40.3846
-49.4579,16.6279,40.5546
-49.5099,17.1009,40.8686
-49.5049,17.5699,40.8366
-49.5459,18.0429,41.0806
-49.6529,18.5179,41.6926
-49.6759,18.9889,41.8246
-49.6379,19.4579,41.6056
-49.7009,19.9309,41.9656
-49.7629,20.4039,42.3156
-49.7839,20.8749,42.4366
-49.7969,21.3459,42.5066
-49.7769,21.8169,42.3976
-49.8409,22.2879,42.7606
-49.7579,22.7539,42.2886
-49.8249,23.2269,42.6666
-49.8309,23.6959,42.6996
-49.8109,24.1649,42.5886
-49.8039,24.6339,42.5496
-49.7399,25.1009,42.1846
-49.7949,25.5739,42.4966
-48.9749,32.1249,37.7716
-49.0889,32.5999,38.4226
-48.1049,33.0309,32.7676
-47.8579,33.4909,31.3576
-47.4869,33.9459,29.2416
-47.5449,-0.3561,33.6506
-47.4609,0.1129,33.1786
-47.4359,0.5809,33.0326
-47.4319,1.0509,33.0106
-47.4249,1.5219,32.9686
-47.4419,1.9929,33.0696
-47.4489,2.4629,33.1096
-47.5289,2.9359,33.5596
-47.5179,3.4059,33.4966
-47.5179,3.8769,33.5006
-47.5919,4.3499,33.9156
-47.6619,4.8229,34.3166
-47.6299,5.2909,34.1306
-47.6809,5.7629,34.4246
-47.7179,6.2389,34.6396
-47.7089,6.7079,34.5886
-47.7189,7.1749,34.6476
-47.7689,7.6479,34.9436
-47.7919,8.1209,35.0786
-47.8349,8.5929,35.3376
-47.9009,9.0679,35.7256
-47.9289,9.5369,35.8946
-48.0479,10.0129,36.5716
-48.1729,10.4879,37.2866
-48.1899,10.9619,37.3836
-48.2589,11.4359,37.7716
-48.3499,11.9089,38.2936
-48.3589,12.3789,38.3466
-48.3879,12.8509,38.5076
-48.5299,13.3259,39.3226
-48.4979,13.7949,39.1396
-48.5439,14.2679,39.3976
-48.6199,14.7409,39.8316
-48.7049,15.2149,40.3206
-48.7629,15.6869,40.6496
-48.8309,16.1599,41.0386
-48.8449,16.6319,41.1136
-48.8599,17.1029,41.2006
-48.9969,17.5789,41.9966
-48.9639,18.0479,41.8026
-49.0499,18.5219,42.3126
-49.0499,18.9929,42.3126
-49.1159,19.4659,42.7006
-49.1199,19.9359,42.7226
-49.1179,20.4069,42.7126
-49.1469,20.8779,42.8846
-49.1699,21.3489,43.0156
-49.1629,21.8209,42.9746
-49.1909,22.2899,43.1366
-49.1589,22.7589,42.9546
-49.1669,23.2289,42.9996
-49.2209,23.6999,43.3076
-49.0959,24.1649,42.5816
-49.1949,24.6379,43.1616
-49.1419,25.1059,42.8566
-48.1719,32.1209,37.2766
-47.9239,32.5819,35.8666
-47.2939,33.4969,32.2266
-46.9409,33.9529,30.2116
-46.6909,0.1099,32.8646
-46.6279,0.5769,32.5086
-46.7019,1.0509,32.9276
-46.7389,1.5229,33.1326
-46.7199,1.9929,33.0296
-46.7639,2.4639,33.2766
-46.7899,2.9349,33.4266
-46.8039,3.4069,33.5056
-46.8739,3.8799,33.9056
-46.9279,4.3529,34.2106
-46.9729,4.8239,34.4656
-46.9839,5.2939,34.5306
-46.9869,5.7639,34.5486
-47.0369,6.2409,34.8346
-47.0399,6.7099,34.8516
-47.0379,7.1769,34.8416
-47.0409,7.6469,34.8566
-47.1629,8.1239,35.5516
-47.1979,8.5949,35.7536
-47.2619,9.0709,36.1166
-47.3589,9.5429,36.6916
-47.4619,10.0179,37.3026
-47.5219,10.4909,37.6576
-47.5649,10.9659,37.8996
-47.6159,11.4389,38.1946
-47.6989,11.9109,38.6656
-47.7109,12.3819,38.7326
-47.7629,12.8539,39.0336
-47.8239,13.3259,39.3796
-47.8859,13.7989,39.7326
-47.9539,14.2729,40.1216
-47.9849,14.7439,40.2986
-48.0539,15.2169,40.6876
-48.0629,15.6879,40.7396
-48.1739,16.1629,41.3656
-48.2069,16.6349,41.5536
-48.3189,17.1099,42.1926
-48.3369,17.5809,42.2946
-48.3849,18.0529,42.5666
-48.4089,18.5249,42.7036
-48.4919,18.9989,43.1766
-48.5149,19.4699,43.3166
-48.5129,19.9399,43.3046
-48.5409,20.4119,43.4666
-48.5939,20.8839,43.7826
-48.5869,21.3549,43.7426
-48.4609,21.8209,43.0036
-48.5219,22.2919,43.3576
-48.5689,22.7639,43.6346
-48.5009,23.2309,43.2316
-48.4949,23.6999,43.1936
-48.4619,24.1679,43.0096
-46.7689,33.5039,33.3076
-46.0319,0.1129,33.1916
-45.9479,0.5789,32.7166
-45.9519,1.0489,32.7346
-45.9929,1.5219,32.9676
-46.0709,1.9949,33.4126
-46.0189,2.4629,33.1156
-46.1439,2.9379,33.8266
-46.1259,3.4079,33.7196
-46.1649,3.8799,33.9426
-46.2439,4.3539,34.3976
-46.2539,4.8239,34.4536
-46.3069,5.2949,34.7546
-46.3239,5.7659,34.8536
-46.3019,6.2399,34.7296
-46.3489,6.7109,34.9926
-46.2689,7.1749,34.5376
-46.4199,7.6509,35.3996
-46.4529,8.1239,35.5876
-46.5539,8.5979,36.1636
-46.6569,9.0759,36.7486
-46.7469,9.5469,37.2656
-46.8529,10.0219,37.8736
-46.8989,10.4939,38.1466
-46.9549,10.9699,38.4746
-47.0189,11.4429,38.8596
-47.0149,11.9119,38.8336
-47.0359,12.3829,38.9576
-47.0949,12.8559,39.3056
-47.1839,13.3289,39.8066
-47.1749,13.7989,39.7586
-47.2709,14.2749,40.3036
-47.3029,14.7449,40.4826
-47.3719,15.2189,40.8766
-47.4119,15.6899,41.1036
-47.4509,16.1619,41.3256
-47.4989,16.6349,41.5976
-47.5859,17.1099,42.0956
-47.6909,17.5829,42.6966
-47.7239,18.0549,42.8826
-47.8109,18.5289,43.3786
-47.8529,19.0019,43.6206
-47.8969,19.4739,43.8666
-47.8749,19.9429,43.7446
-47.9219,20.4159,44.0086
-47.9669,20.8879,44.2706
-48.0339,21.3609,44.6516
-47.8249,21.8239,43.4586
-47.7009,22.2879,42.7526
-47.8249,22.7619,43.4586
-47.5779,23.2229,42.0476
-44.3979,33.4379,23.7796
-45.8489,33.9659,32.1526
-45.2279,0.1089,32.6396
-45.2619,0.5799,32.8386
-45.2949,1.0519,33.0376
-45.2849,1.5219,32.9766
-45.3399,1.9939,33.3016
-45.3639,2.4659,33.4466
-45.4089,2.9369,33.7126
-45.3469,3.4049,33.3426
-45.4569,3.8799,33.9906
-45.4819,4.3519,34.1316
-45.5609,4.8239,34.5836
-45.5279,5.2929,34.3956
-45.5879,5.7649,34.7366
-45.6009,6.2409,34.8106
-45.6319,6.7109,34.9886
-45.6599,7.1789,35.1496
-45.7219,7.6519,35.5016
-45.7789,8.1259,35.8296
-45.9649,8.6029,36.8896
-46.0469,9.0799,37.3586
-46.1559,9.5519,37.9806
-46.2149,10.0249,38.3116
-46.1879,10.4939,38.1626
-46.2299,10.9689,38.4006
-46.2819,11.4419,38.6916
-46.3779,11.9149,39.2376
-46.3619,12.3849,39.1436
-46.3969,12.8559,39.3446
-46.4689,13.3289,39.7636
-46.4789,13.7989,39.8236
-46.5569,14.2739,40.2876
-46.5929,14.7449,40.4986
-46.6439,15.2179,40.8026
-46.6879,15.6899,41.0556
-46.7929,16.1649,41.6576
-46.8309,16.6369,41.8766
-47.0049,17.1149,42.8646
-47.0739,17.5869,43.2576
-47.1549,18.0609,43.7236
-47.1579,18.5319,43.7416
-47.2019,19.0039,43.9906
-47.2539,19.4769,44.2876
-47.1849,19.9439,43.8926
-47.2879,20.4189,44.4826
-43.7179,33.4389,23.9796
-44.0519,33.9229,25.8946
-44.6939,34.4189,29.5936
-44.5399,0.1099,32.7926
-44.5259,0.5789,32.7086
-44.5649,1.0509,32.9336
-44.5659,1.5219,32.9366
-44.6449,1.9949,33.3886
-44.6339,2.4649,33.3236
-44.7229,2.9379,33.8336
-44.7149,3.4079,33.7886
-44.7389,3.8799,33.9246
-44.7839,4.3519,34.1866
-44.7969,4.8219,34.2636
-44.8199,5.2929,34.4016
-44.8829,5.7649,34.7706
-44.9439,6.2429,35.1356
-44.9719,6.7129,35.3016
-45.0309,7.1819,35.6456
-45.1429,7.6569,36.2836
-45.2369,8.1329,36.8236
-45.3119,8.6059,37.2446
-45.3929,9.0819,37.7066
-45.4679,9.5529,38.1316
-45.5219,10.0259,38.4366
-45.5169,10.4959,38.4106
-45.5369,10.9699,38.5246
-45.5829,11.4429,38.7866
-45.6499,11.9149,39.1686
-45.6649,12.3849,39.2506
-45.7289,12.8579,39.6176
-45.7629,13.3289,39.8106
-45.7809,13.7999,39.9116
-45.8449,14.2739,40.2796
-45.8499,14.7439,40.3086
-45.9199,15.2169,40.7076
-45.9969,15.6909,41.1426
-46.0939,16.1649,41.7186
-46.1689,16.6389,42.1666
-46.2949,17.1149,42.9016
-46.4009,17.5889,43.5086
-46.4389,18.0609,43.7236
-46.4159,18.5309,43.5896
-46.5139,19.0059,44.1516
-43.0439,33.4409,24.2136
-43.3889,33.9249,26.1816
-43.7509,0.1069,32.3766
-43.7479,0.5759,32.3596
-43.8089,1.0489,32.7076
-43.7889,1.5189,32.5906
-43.8809,1.9929,33.1176
-43.9039,2.4639,33.2456
-43.9849,2.9369,33.7116
-44.0189,3.4089,33.8996
-44.0629,3.8809,34.1566
-44.0899,4.3529,34.3096
-44.0299,4.8199,33.9646
-44.0919,5.2919,34.3196
-44.1789,5.7649,34.8156
-44.1589,6.2399,34.7006
-44.3529,6.7169,35.8076
-44.4049,7.1859,36.1166
-44.4649,7.6579,36.4756
-44.5849,8.1349,37.1886
-44.6489,8.6079,37.5516
-44.7409,9.0849,38.0706
-44.7389,9.5529,38.0616
-44.8149,10.0259,38.4876
-44.8369,10.4969,38.6166
-44.8719,10.9719,38.8166
-44.9059,11.4439,39.0096
-44.9909,11.9169,39.4926
-44.9489,12.3849,39.2556
-44.9199,12.8549,39.0896
-45.0529,13.3299,39.8456
-45.0049,13.7979,39.5716
-45.1299,14.2739,40.2836
-45.1349,14.7439,40.3116
-45.1959,15.2169,40.6616
-45.2749,15.6899,41.1146
-45.4019,16.1659,41.8546
-45.4549,16.6389,42.1686
-45.5439,17.1139,42.7006
-45.6779,17.5889,43.4676
-45.7799,18.0629,44.0516
-45.5679,18.5259,42.8426
-43.1429,0.1109,32.9916
-43.0329,0.5759,32.3656
-43.1199,1.0499,32.8606
-43.1319,1.5219,32.9286
-43.1709,1.9929,33.1506
-43.1949,2.4639,33.2886
-43.2829,2.9379,33.7926
-43.2639,3.4079,33.6816
-43.3299,3.8809,34.0576
-43.3399,4.3519,34.1156
-43.3399,4.8209,34.1126
-43.4189,5.2939,34.5656
-43.4869,5.7659,34.9566
-43.5769,6.2449,35.4686
-43.7159,6.7199,36.2596
-43.8339,7.1909,36.9236
-43.9029,7.6639,37.3156
-43.9659,8.1389,37.6856
-43.9619,8.6089,37.6596
-44.0289,9.0849,38.0576
-44.0929,9.5549,38.4366
-44.1239,10.0269,38.6256
-44.1069,10.4969,38.5216
-44.1709,10.9729,38.9016
-44.1609,11.4429,38.8436
-44.1899,11.9139,39.0076
-44.1939,12.3839,39.0336
-44.1719,12.8529,38.9076
-44.2589,13.3259,39.4056
-44.2549,13.7959,39.3826
-44.3439,14.2719,39.8896
-44.3279,14.7399,39.7946
-44.4299,15.2149,40.3776
-44.5029,15.6879,40.7956
-44.6469,16.1649,41.6166
-44.7609,16.6399,42.2676
-44.8609,17.1149,42.8336
-44.9079,17.5859,43.1046
-42.1879,0.1009,31.5716
-42.2899,0.5749,32.1556
-42.3369,1.0469,32.4396
-42.3539,1.5189,32.5376
-42.4519,1.9929,33.1216
-42.4889,2.4649,33.3436
-42.5319,2.9359,33.5906
-42.5419,3.4079,33.6476
-42.5589,3.8789,33.7436
-42.5649,4.3499,33.7816
-42.6339,4.8219,34.1746
-42.7419,5.2959,34.7906
-42.8399,5.7689,35.3456
-42.9419,6.2479,35.9206
-43.0869,6.7229,36.7446
-43.1469,7.1919,37.0896
-43.1709,7.6639,37.2276
-43.2579,8.1389,37.7246
-43.3269,8.6119,38.1166
-43.2999,9.0839,37.9616
-43.4249,9.5569,38.6716
-43.3629,10.0249,38.3196
-43.4619,10.4989,38.8826
-43.4549,10.9729,38.8476
-43.4929,11.4449,39.0596
-43.5509,11.9159,39.4046
-43.4809,12.3839,38.9946
-43.4299,12.8519,38.7036
-43.4779,13.3229,38.9786
-43.5129,13.7949,39.1796
-43.5019,14.2659,39.1136
-43.5599,14.7379,39.4576
-43.5669,15.2089,39.4956
-43.7339,15.6859,40.4936
-44.0889,16.6409,42.5156
-44.0909,17.1129,42.5326
-41.5939,0.1059,32.2706
-41.5609,0.5739,32.0816
-41.5779,1.0459,32.1806
-41.6189,1.5179,32.4106
-41.6439,1.9889,32.5556
-41.6939,2.4609,32.8406
-41.7829,2.9349,33.3496
-41.8189,3.4069,33.5506
-41.8409,3.8779,33.6796
-41.9199,4.3519,34.1436
-41.9619,4.8229,34.3876
-42.0889,5.2979,35.1356
-42.2679,5.7749,36.1616
-42.2699,6.2499,36.1706
-42.4039,6.7249,36.9346
-42.4659,7.1939,37.2906
-42.4939,7.6649,37.4506
-42.5659,8.1399,37.8576
-42.6529,8.6139,38.3556
-42.6899,9.0879,38.5656
-42.7049,9.5569,38.6556
-42.7219,10.0279,38.7506
-42.7499,10.4989,38.9096
-42.7379,10.9729,38.8416
-42.7319,11.4429,38.8086
-42.7779,11.9139,39.0706
-42.8029,12.3849,39.2116
-42.7949,12.8549,39.1646
-42.7469,13.3229,38.8926
-42.7359,13.7929,38.8316
-42.7089,14.2629,38.6756
-42.9209,14.7409,39.9046
-42.8359,15.2079,39.3996
-40.9239,0.1079,32.5356
-40.8139,0.5729,31.9076
-40.7739,1.0419,31.6786
-40.8609,1.5159,32.1746
-40.9339,1.9889,32.5886
-40.9619,2.4609,32.7506
-41.0389,2.9329,33.1926
-41.1129,3.4069,33.6116
-41.1399,3.8789,33.7666
-41.1829,4.3509,34.0106
-41.2479,4.8229,34.3766
-41.4299,5.2999,35.4066
-41.5439,5.7739,36.0846
-41.6289,6.2529,36.5926
-41.7529,6.7269,37.3066
-41.8189,7.1969,37.6816
-41.8219,7.6669,37.7026
-41.9479,8.1439,38.4186
-41.9029,8.6119,38.1656
-41.9909,9.0889,38.6636
-42.0459,9.5589,38.9796
-42.0759,10.0309,39.1476
-42.0769,10.5009,39.1546
-42.0609,10.9739,39.0646
-42.1109,11.4469,39.3516
-42.1169,11.9159,39.3866
-42.0509,12.3839,39.0066
-42.0279,12.8529,38.8776
-42.0159,13.3219,38.8066
-41.9399,13.7889,38.3716
-40.0189,0.1009,31.4546
-40.0669,0.5719,31.7316
-40.0949,1.0439,31.8916
-40.0789,1.5139,31.7986
-40.1509,1.9869,32.2086
-40.2289,2.4599,32.6556
-40.2539,2.9309,32.7976
-40.3449,3.4049,33.3126
-40.3989,3.8779,33.6196
-40.4859,4.3519,34.1106
-40.5819,4.8249,34.6546
-40.7129,5.2999,35.4026
-40.9179,5.7779,36.6096
-41.0519,6.2589,37.3976
-41.1029,6.7299,37.6836
-41.1739,7.1989,38.0906
-41.1539,7.6689,37.9786
-41.2239,8.1439,38.3786
-41.3179,8.6179,38.9136
-41.3669,9.0929,39.1906
-41.2809,9.5569,38.6976
-41.4329,10.0339,39.5676
-41.4359,10.5039,39.5826
-41.4439,10.9779,39.6326
-41.3909,11.4469,39.3256
-41.4689,11.9189,39.7736
-41.2489,12.3799,38.5196
-39.2349,0.0979,31.0106
-39.2439,0.5669,31.0666
-39.3209,1.0409,31.5036
-39.3429,1.5129,31.6276
-39.3999,1.9849,31.9636
-39.4689,2.4579,32.3676
-39.5739,2.9319,32.9876
-39.6139,3.4049,33.2236
-39.6769,3.8769,33.5786
-39.9119,4.3569,34.9186
-39.9679,4.8289,35.2426
-40.0879,5.3039,35.9236
-40.1559,5.7759,36.3126
-40.3139,6.2569,37.2116
-40.4429,6.7319,37.9736
-40.4519,7.1989,38.0256
-40.4719,7.6699,38.1486
-40.5889,8.1469,38.8376
-40.6119,8.6179,38.9696
-40.5929,9.0899,38.8596
-40.7049,9.5629,39.4946
-40.7209,10.0339,39.5836
-38.4509,0.0949,30.6256
-38.5099,0.5669,30.9616
-38.5849,1.0399,31.3866
-38.6169,1.5119,31.5686
-38.6399,1.9829,31.6936
-38.7299,2.4569,32.2086
-38.7529,2.9269,32.3366
-39.0019,3.4079,33.7766
-39.1099,3.8829,34.4176
-39.1639,4.3559,34.7376
-39.2859,4.8299,35.4356
-39.3519,5.3029,35.8126
-37.7399,0.0949,30.6506
-37.7529,0.5649,30.7246
-37.7579,1.0359,30.7466
-37.7889,1.5079,30.9256
-37.8839,1.9819,31.4666
-37.9739,2.4549,31.9816
-38.1009,2.9299,32.7036
-38.2279,3.4059,33.4286
-38.4219,3.8839,34.5726
-38.4299,4.3549,34.6196
-38.5069,4.8279,35.0796
-36.8759,0.0889,29.7576
-36.9259,0.5599,30.0526
-36.9969,1.0339,30.4746
-37.0669,1.5069,30.8856
-37.1029,1.9789,31.0976
-37.3179,2.4579,32.3266
-37.3899,2.9299,32.7336
-37.5049,3.4059,33.3886
-36.1289,0.0869,29.5706
-36.1939,0.5589,29.9396
-36.2529,1.0319,30.2776
-36.2219,1.5019,30.1046
-36.3569,1.9769,30.8706
-36.5639,2.4559,32.0786
-36.6879,2.9309,32.8136
-35.2799,-0.3891,28.8166
-35.3539,0.0849,29.2376
-35.4479,0.5579,29.7746
-35.4389,1.0279,29.7226
-35.4889,1.5009,30.0076
-35.6589,1.9779,30.9736
-35.8369,2.4549,32.0046
-34.5069,-0.3921,28.4646
-34.5749,0.0829,28.8666
-34.5739,0.5519,28.8636
-34.6259,1.0249,29.1666
-34.7319,1.4999,29.7706
-34.9039,1.9769,30.7516
-33.5549,-0.4001,27.2536
-33.7049,0.0759,27.9456
-33.7849,0.5489,28.4196
-33.8259,1.0209,28.6616
-33.9619,1.4969,29.4646
-32.8219,-0.3991,27.4076
-32.8319,0.0729,27.4536
-32.8329,0.5419,27.4586
-32.9319,1.0159,27.9116
-33.2329,1.4969,29.3736
-31.9359,-0.4031,26.8226
-31.9689,0.0689,26.9666
-31.9229,0.5369,26.7646
-32.1339,1.0139,27.7256
-32.4239,1.4949,29.0616
-30.9969,-0.4091,26.0226
-31.0149,0.0629,26.1056
-31.0609,0.5339,26.3186
-31.2239,1.0099,27.0666
-30.0399,-0.4151,25.1476
-30.1389,0.0599,25.6036
-30.2699,0.5329,26.2076
-30.4369,1.0089,26.9756
-29.1599,-0.4191,24.5796
-29.2039,0.0539,24.7846
-29.3809,0.5289,25.5976
-29.1569,0.9919,24.5676
-28.2029,-0.4251,23.7066
-28.2979,0.0499,24.1406
-28.4499,0.5239,24.8426
-28.1359,0.9839,23.3966
-27.2859,-0.4301,23.0136
-27.3709,0.0439,23.4066
-27.5519,0.5199,24.2356
-27.1019,0.9759,22.1676
-26.4339,-0.4331,22.5756
-26.5519,0.0419,23.1176
-26.5769,0.5129,23.2336
-26.2949,0.9739,21.9346
-25.5679,-0.4361,22.1166
-25.5839,0.0359,22.1886
-25.5849,0.5049,22.1956
-25.2909,0.9659,20.8416
-24.5699,-0.4441,21.0116
-24.6339,0.0299,21.3016
-24.7099,0.5019,21.6526
-23.7629,-0.4451,20.8236
-23.8339,0.0289,21.1466
-23.7199,0.4939,20.6216
-22.8559,-0.4501,20.1776
-22.8879,0.0229,20.3226
-22.7339,0.4869,19.6146
-21.9369,-0.4551,19.4266
-21.8019,0.0119,18.8086
-21.7469,0.4799,18.5526
-20.8889,-0.4641,18.1346
-21.0469,0.0129,18.8586
-20.9029,0.4769,18.1986
-19.9939,-0.4681,17.5416
-20.1369,0.0079,18.1996
-19.8949,0.4699,17.0876
-18.9639,-0.4771,16.2856
-19.1769,0.0019,17.2636
-19.0279,0.4659,16.5806
-18.1109,-0.4801,15.8886
-18.2199,-0.0051,16.3896
-18.0239,0.4579,15.4876
-17.1819,-0.4851,15.0976
-17.3439,-0.0081,15.8426
-17.1799,0.4559,15.0896
-16.3209,-0.9591,14.6596
-16.2909,-0.4891,14.5246
-16.3279,-0.0161,14.6956
-16.0589,0.4439,13.4126
-15.2269,-0.9701,13.0616
-15.2469,-0.4991,13.1596
-15.4629,-0.0201,14.2386
-15.2299,0.4419,13.0746
-14.2989,-0.9771,12.0006
-14.4819,-0.4991,13.1356
-14.4839,-0.0271,13.1466
-14.3629,0.4369,12.3956
-13.4249,-0.9821,11.2406
-13.5469,-0.5071,11.9886
-13.5569,-0.0351,12.0456
-13.4039,0.4279,11.1056
-12.6029,-0.9861,10.7986
-12.7069,-0.5111,11.4366
-12.7149,-0.0391,11.4896
-11.6499,-0.9941,9.5406
-11.8679,-0.5141,10.8926
-11.7109,-0.0501,9.9186
-10.7839,-0.9991,8.8516
-11.0079,-0.5191,10.2006
-10.7789,-0.0571,8.8206
-9.9699,-1.0021,8.4266
-10.1009,-0.5261,9.2346
-9.9219,-0.0621,8.1336
-9.0399,-1.0101,7.3616
-9.1659,-0.5341,8.1136
-8.9849,-0.0701,7.0366
-8.2649,-1.0111,7.1696
-8.2819,-0.5401,7.2666
-7.9089,-0.0841,5.0186
-7.4519,-1.0131,6.8026
-7.3419,-0.5481,6.1516
-7.1859,-0.0831,5.1936
