-56.8331,-26.5621,52.9336
-56.7232,-26.0891,53.2596
-56.8847,-25.6171,52.7796
-56.6874,-25.1441,53.3666
-56.0196,-27.5071,53.1256
-56.1995,-27.0341,52.5906
-56.0538,-26.5621,53.0236
-56.0541,-26.0891,53.0226
-56.0589,-25.6171,53.0086
-56.2011,-25.1441,52.5856
-55.592,-24.6711,54.4276
-55.3961,-27.5071,52.7816
-55.3649,-27.0341,52.8766
-55.3871,-26.5621,52.8086
-55.3963,-26.0891,52.7806
-55.2848,-25.6171,53.1146
-55.2849,-25.1441,53.1146
-55.3745,-24.6711,52.8466
-55.3612,-24.1981,52.8876
-54.8687,-27.5071,52.1136
-54.6694,-27.0341,52.7196
-54.7039,-26.5621,52.6146
-54.5959,-26.0891,52.9436
-54.5046,-25.6171,53.2216
-54.5281,-25.1441,53.1496
-54.4627,-24.6711,53.3486
-54.3601,-24.1981,53.6616
-54.4796,-23.7251,53.2976
-54.4528,-23.2541,53.3786
-53.6257,-19.4691,55.8656
-53.5283,-18.9971,56.1626
-53.6065,-18.5251,55.9246
-53.4128,-18.0501,56.5146
-53.1822,-17.5791,57.2166
-53.2252,-17.1061,57.0856
-54.0548,-27.5071,52.3176
-53.9674,-27.0341,52.5836
-53.8815,-26.5621,52.8446
-53.822,-26.0891,53.0256
-53.7535,-25.6171,53.2346
-53.6828,-25.1441,53.4496
-53.6521,-24.6711,53.5426
-53.5535,-24.1981,53.8396
-53.5868,-23.7251,53.7406
-53.4467,-23.2541,54.1576
-53.4086,-22.7811,54.2706
-53.2703,-22.3061,54.6816
-53.3955,-21.8351,54.3096
-53.1934,-20.8881,54.9106
-53.0294,-20.4161,55.4076
-53.1476,-19.9441,55.0466
-52.9803,-19.4691,55.5566
-52.9528,-18.9971,55.6406
-52.9348,-18.5251,55.6956
-52.61,-18.0501,56.6846
-52.5444,-17.5791,56.8846
-52.389,-17.1061,57.3576
-52.3459,-16.6321,57.4886
-53.1073,-27.0341,52.9286
-53.0848,-26.5621,52.9966
-53.0019,-26.0891,53.2486
-52.978,-25.6171,53.3216
-52.9646,-25.1441,53.3626
-52.9176,-24.6711,53.5056
-52.8543,-24.1981,53.6986
-52.7235,-23.7251,54.0966
-52.6198,-23.2541,54.4126
-52.6892,-22.7811,54.2016
-52.5633,-22.3061,54.5846
-52.5231,-21.8351,54.7076
-52.3283,-21.3621,55.2876
-52.3755,-20.8881,55.1466
-52.3451,-20.4161,55.2376
-52.3659,-19.9441,55.1756
-52.1504,-19.4691,55.8156
-52.1498,-18.9971,55.8176
-52.111,-18.5251,55.9326
-51.902,-18.0501,56.5656
-51.8469,-17.5791,56.7336
-51.6495,-17.1061,57.3346
-51.5354,-16.6321,57.6826
-52.0325,-27.5071,53.9266
-52.2776,-27.0341,53.1796
-52.2315,-26.5621,53.3206
-52.139,-26.0891,53.6026
-52.0272,-25.6171,53.9426
-52.1037,-25.1441,53.7096
-51.9513,-24.6711,54.1736
-52.0003,-24.1981,54.0246
-51.8952,-23.7251,54.3446
-51.7599,-23.2541,54.7566
-51.8025,-22.7811,54.6266
-51.6629,-22.3061,55.0516
-51.6621,-21.8351,55.0546
-51.5857,-21.3621,55.2876
-51.4366,-20.8881,55.7416
-51.4311,-20.4161,55.7576
-51.4548,-19.9441,55.6856
-51.4468,-19.4691,55.7096
-51.3043,-18.9971,56.1366
-51.2743,-18.5251,56.2256
-51.1686,-18.0501,56.5396
-51.0497,-17.5791,56.8926
-50.9581,-17.1061,57.1666
-50.8539,-16.6321,57.4836
-50.6621,-16.1611,58.0676
-50.6258,-15.6891,58.1776
-51.3453,-27.5071,53.7446
-51.3689,-27.0341,53.6726
-51.3609,-26.5621,53.6966
-51.0701,-26.0891,54.5826
-51.0442,-25.6171,54.6616
-51.1183,-25.1441,54.4356
-51.0848,-24.6711,54.5376
-51.1594,-24.1981,54.3106
-51.1069,-23.7251,54.4706
-51.0474,-23.2541,54.6516
-50.8704,-22.7811,55.1906
-50.7676,-22.3061,55.5036
-50.7402,-21.8351,55.5866
-50.6425,-21.3621,55.8776
-50.6212,-20.8881,55.9406
-50.5752,-20.4161,56.0776
-50.6525,-19.9441,55.8476
-50.5713,-19.4691,56.0886
-50.4962,-18.9971,56.3126
-50.504,-18.5251,56.2886
-50.3418,-18.0501,56.7706
-50.2874,-17.5791,56.9336
-50.1424,-17.1061,57.3756
-50.1076,-16.6321,57.4816
-49.9845,-16.1611,57.8566
-50.0729,-15.6891,57.5876
-50.0493,-15.2161,57.6596
-50.7078,-27.0341,53.4116
-50.2835,-26.5621,54.7026
-50.1819,-26.0891,55.0126
-50.1116,-25.6171,55.2266
-50.1521,-25.1441,55.1036
-50.1125,-24.6711,55.2236
-50.1412,-24.1981,55.1366
-50.1773,-23.7251,55.0266
-50.1339,-23.2541,55.1586
-50.1315,-22.7811,55.1656
-49.977,-22.3061,55.6366
-49.9069,-21.8351,55.8496
-49.7592,-21.3621,56.2996
-49.6893,-20.8881,56.5126
-49.722,-20.4161,56.4136
-49.6998,-19.9441,56.4806
-49.677,-19.4691,56.5506
-49.7402,-18.9971,56.3576
-49.6886,-18.5251,56.5146
-49.5451,-18.0501,56.9446
-49.5135,-17.5791,57.0386
-49.3887,-17.1061,57.4096
-49.3582,-16.6321,57.5006
-49.2598,-16.1611,57.7926
-49.2321,-15.6891,57.8746
-49.0717,-15.2161,58.3616
-49.0983,-14.7431,58.2806
-49.3836,-26.0891,55.1696
-49.2026,-25.6171,55.7206
-49.3271,-25.1441,55.3416
-49.2435,-24.6711,55.5966
-49.2757,-24.1981,55.4986
-49.2506,-23.7251,55.5746
-49.2693,-23.2541,55.5176
-49.3282,-22.7811,55.3386
-49.1125,-22.3061,55.9946
-49.0784,-21.8351,56.0986
-48.9945,-21.3621,56.3536
-48.9177,-20.8881,56.5876
-48.8571,-20.4161,56.7726
-48.8371,-19.9441,56.8336
-48.8018,-19.4691,56.9406
-48.791,-18.9971,56.9736
-48.8252,-18.5251,56.8696
-48.6945,-18.0501,57.2676
-48.6589,-17.5791,57.3756
-48.5042,-17.1061,57.8436
-48.5663,-16.6321,57.6576
-48.5083,-16.1611,57.8316
-48.4917,-15.6891,57.8806
-48.3281,-15.2161,58.3666
-48.3705,-14.7431,58.2406
-48.2227,-14.2691,58.6806
-48.5436,-25.6171,55.4536
-48.5195,-25.1441,55.5266
-48.3581,-24.6711,56.0176
-48.3299,-24.1981,56.1036
-48.3553,-23.7251,56.0266
-48.3386,-23.2541,56.0776
-48.3996,-22.7811,55.8916
-48.3033,-22.3061,56.1846
-48.3735,-21.8351,55.9706
-48.1493,-21.3621,56.6536
-48.112,-20.8881,56.7676
-48.0277,-20.4161,57.0246
-47.976,-19.9441,57.1816
-47.9667,-19.4691,57.2106
-47.9476,-18.9971,57.2686
-47.9699,-18.5251,57.2006
-47.8265,-18.0501,57.6326
-47.7822,-17.5791,57.7646
-47.7863,-17.1061,57.7516
-47.7947,-16.6321,57.7266
-47.7781,-16.1611,57.7766
-47.6411,-15.6891,58.1836
-47.5751,-15.2161,58.3796
-47.6049,-14.7431,58.2906
-47.3951,-14.2691,58.9176
-47.4361,-13.7961,58.7936
-47.8849,-25.6171,55.1846
-47.7186,-25.1441,55.6906
-47.6048,-24.6711,56.0376
-47.5657,-24.1981,56.1566
-47.5539,-23.7251,56.1926
-47.5485,-23.2541,56.2086
-47.418,-22.7811,56.6066
-47.3913,-22.3061,56.6876
-47.4262,-21.8351,56.5816
-47.4095,-21.3621,56.6316
-47.3043,-20.8881,56.9526
-47.2278,-20.4161,57.1856
-47.2435,-19.9441,57.1376
-47.1214,-19.4691,57.5096
-47.1311,-18.9971,57.4796
-47.0926,-18.5251,57.5976
-47.0772,-18.0501,57.6436
-47.0068,-17.5791,57.8586
-46.9968,-17.1061,57.8896
-47.0542,-16.6321,57.7136
-46.9124,-16.1611,58.1466
-46.8535,-15.6891,58.3256
-46.8383,-15.2161,58.3716
-46.7609,-14.7431,58.6046
-46.6567,-14.2691,58.9146
-46.6514,-13.7961,58.9306
-46.7521,-13.3251,58.6316
-47.1933,-25.1441,55.0156
-46.7459,-24.6711,56.3776
-46.7528,-24.1981,56.3576
-46.8177,-23.7251,56.1596
-46.67,-23.2541,56.6096
-46.6523,-22.7811,56.6636
-46.4714,-22.3061,57.2146
-46.6355,-21.8351,56.7146
-46.5593,-21.3621,56.9466
-46.55,-20.8881,56.9746
-46.482,-20.4161,57.1816
-46.3803,-19.9441,57.4916
-46.2796,-19.4691,57.7986
-46.3529,-18.9971,57.5756
-46.2772,-18.5251,57.8056
-46.1439,-18.0501,58.2116
-46.2115,-17.5791,58.0056
-46.0409,-17.1061,58.5256
-46.1388,-16.6321,58.2276
-46.1328,-16.1611,58.2456
-46.0279,-15.6891,58.5646
-46.1244,-15.2161,58.2716
-45.9715,-14.7431,58.7366
-45.8477,-14.2691,59.1136
-45.8855,-13.7961,58.9986
-45.9086,-13.3251,58.9286
-46.1125,-12.8531,58.3076
-46.0322,-24.1981,56.2776
-45.9967,-23.7251,56.3856
-45.9026,-23.2541,56.6716
-45.8633,-22.7811,56.7916
-45.7897,-22.3061,57.0156
-45.7817,-21.8351,57.0396
-45.6938,-21.3621,57.3076
-45.7599,-20.8881,57.1066
-45.7278,-20.4161,57.2036
-45.6358,-19.9441,57.4836
-45.5706,-19.4691,57.6826
-45.5818,-18.9971,57.6486
-45.5259,-18.5251,57.8186
-45.4026,-18.0501,58.1946
-45.4226,-17.5791,58.1336
-45.3804,-17.1061,58.2616
-45.3552,-16.6321,58.3386
-45.3843,-16.1611,58.2506
-45.3447,-15.6891,58.3706
-45.3037,-15.2161,58.4956
-45.2799,-14.7431,58.5676
-45.1395,-14.2691,58.9956
-45.1865,-13.7961,58.8526
-45.1973,-13.3251,58.8196
-45.1976,-12.8531,58.8186
-45.2823,-24.1981,56.2866
-45.2197,-23.7251,56.4776
-45.1996,-23.2541,56.5386
-45.0827,-22.7811,56.8946
-44.9898,-22.3061,57.1776
-44.9713,-21.8351,57.2336
-44.9417,-21.3621,57.3236
-44.8562,-20.8881,57.5836
-44.8457,-20.4161,57.6156
-44.9228,-19.9441,57.3806
-44.8052,-19.4691,57.7386
-44.8073,-18.9971,57.7326
-44.7225,-18.5251,57.9906
-44.5939,-18.0501,58.3826
-44.5733,-17.5791,58.4446
-44.5441,-17.1061,58.5336
-44.465,-16.6321,58.7746
-44.5563,-16.1611,58.4966
-44.5481,-15.6891,58.5216
-44.4744,-15.2161,58.7466
-44.4334,-14.7431,58.8706
-44.3936,-14.2691,58.9926
-44.4578,-13.7961,58.7966
-44.4067,-13.3251,58.9526
-44.3822,-12.8531,59.0266
-44.4793,-23.7251,56.4576
-44.4069,-23.2541,56.6776
-44.3819,-22.7811,56.7546
-44.2861,-22.3061,57.0456
-44.2161,-21.8351,57.2586
-44.0922,-21.3621,57.6366
-44.0366,-20.8881,57.8056
-44.1283,-20.4161,57.5266
-44.1171,-19.9441,57.5606
-44.0467,-19.4691,57.7746
-44.1223,-18.9971,57.5446
-44.0027,-18.5251,57.9086
-43.9005,-18.0501,58.2196
-43.8276,-17.5791,58.4426
-43.7927,-17.1061,58.5486
-43.8087,-16.6321,58.4996
-43.7399,-16.1611,58.7096
-43.7518,-15.6891,58.6726
-43.8082,-15.2161,58.5016
-43.7371,-14.7431,58.7176
-43.6642,-14.2691,58.9396
-43.6257,-13.7961,59.0566
-43.6109,-13.3251,59.1016
-43.6117,-12.8531,59.0996
-43.512,-12.3801,59.4026
-43.8003,-23.7251,56.2506
-43.7168,-23.2541,56.5046
-43.6913,-22.7811,56.5826
-43.5784,-22.3061,56.9256
-43.4614,-21.8351,57.2826
-43.3818,-21.3621,57.5246
-43.2752,-20.8881,57.8496
-43.2409,-20.4161,57.9536
-43.3076,-19.9441,57.7506
-43.3521,-19.4691,57.6156
-43.2919,-18.9971,57.7986
-43.2583,-18.5251,57.9006
-43.096,-18.0501,58.3956
-43.0782,-17.5791,58.4496
-43.0641,-17.1061,58.4926
-42.9323,-16.6321,58.8936
-42.9727,-16.1611,58.7706
-42.9817,-15.6891,58.7436
-42.9991,-15.2161,58.6906
-42.9706,-14.7431,58.7776
-42.9216,-14.2691,58.9266
-42.8949,-13.7961,59.0076
-42.8114,-13.3251,59.2626
-42.7855,-12.8531,59.3406
-42.9307,-12.3801,58.8986
-43.1702,-23.7251,55.8946
-43.1434,-23.2541,55.9756
-43.0079,-22.7811,56.3886
-42.8976,-22.3061,56.7246
-42.8495,-21.8351,56.8706
-42.6229,-21.3621,57.5616
-42.5816,-20.8881,57.6866
-42.4922,-20.4161,57.9596
-42.4957,-19.9441,57.9486
-42.5364,-19.4691,57.8246
-42.531,-18.9971,57.8406
-42.5196,-18.5251,57.8756
-42.4112,-18.0501,58.2056
-42.4055,-17.5791,58.2236
-42.3943,-17.1061,58.2576
-42.2343,-16.6321,58.7446
-42.1789,-16.1611,58.9136
-42.1967,-15.6891,58.8596
-42.2335,-15.2161,58.7476
-42.2174,-14.7431,58.7966
-42.1168,-14.2691,59.1026
-42.0937,-13.7961,59.1726
-42.1053,-13.3251,59.1376
-42.0696,-12.8531,59.2466
-42.103,-12.3801,59.1446
-42.4917,-23.2541,55.6866
-42.33,-22.7811,56.1796
-42.2012,-22.3061,56.5716
-42.0285,-21.8351,57.0976
-41.9111,-21.3621,57.4546
-41.9088,-20.8881,57.4616
-41.8093,-20.4161,57.7646
-41.8322,-19.9441,57.6946
-41.7742,-19.4691,57.8716
-41.7559,-18.9971,57.9266
-41.7645,-18.5251,57.9006
-41.6503,-18.0501,58.2486
-41.7011,-17.5791,58.0936
-41.5833,-17.1061,58.4526
-41.5105,-16.6321,58.6736
-41.4769,-16.1611,58.7766
-41.4646,-15.6891,58.8136
-41.4786,-15.2161,58.7716
-41.4786,-14.7431,58.7716
-41.4775,-14.2691,58.7746
-41.3659,-13.7961,59.1146
-41.3761,-13.3251,59.0836
-41.286,-12.8531,59.3576
-41.2533,-12.3801,59.4576
-41.2724,-11.9071,59.3996
-41.7898,-23.2541,55.5496
-41.6022,-22.7811,56.1206
-41.5606,-22.3061,56.2476
-41.3706,-21.8351,56.8256
-41.25,-21.3621,57.1936
-41.2391,-20.8881,57.2266
-41.1272,-20.4161,57.5676
-41.1917,-19.9441,57.3706
-41.0069,-19.4691,57.9336
-41.0495,-18.9971,57.8046
-41.0693,-18.5251,57.7436
-40.9518,-18.0501,58.1016
-40.8968,-17.5791,58.2696
-40.8469,-17.1061,58.4216
-40.8521,-16.6321,58.4056
-40.7543,-16.1611,58.7036
-40.7759,-15.6891,58.6376
-40.7744,-15.2161,58.6416
-40.7559,-14.7431,58.6976
-40.7118,-14.2691,58.8326
-40.7017,-13.7961,58.8636
-40.6158,-13.3251,59.1246
-40.5831,-12.8531,59.2246
-40.483,-12.3801,59.5286
-40.4851,-11.9071,59.5226
-40.6013,-11.4341,59.1686
-41.0258,-23.2541,55.6016
-40.9252,-22.7811,55.9076
-40.7929,-22.3061,56.3106
-40.6612,-21.8351,56.7116
-40.5562,-21.3621,57.0316
-40.5155,-20.8881,57.1556
-40.5097,-20.4161,57.1726
-40.4639,-19.9441,57.3126
-40.3064,-19.4691,57.7926
-40.3745,-18.9971,57.5846
-40.241,-18.5251,57.9916
-40.1714,-18.0501,58.2036
-40.1408,-17.5791,58.2966
-40.171,-17.1061,58.2046
-40.1064,-16.6321,58.4016
-40.0533,-16.1611,58.5636
-40.0488,-15.6891,58.5766
-39.9721,-15.2161,58.8106
-39.9036,-14.7431,59.0186
-39.9335,-14.2691,58.9276
-39.8687,-13.7961,59.1256
-39.8363,-13.3251,59.2246
-39.8785,-12.8531,59.0956
-39.7841,-12.3801,59.3826
-39.8124,-11.9071,59.2966
-39.8003,-11.4341,59.3336
-40.3861,-23.2541,55.2756
-40.26,-22.7811,55.6586
-40.0247,-22.3061,56.3756
-39.942,-21.8351,56.6276
-39.803,-21.3621,57.0506
-39.8263,-20.8881,56.9796
-39.6949,-20.4161,57.3796
-39.6612,-19.9441,57.4826
-39.5907,-19.4691,57.6976
-39.459,-18.9971,58.0976
-39.557,-18.5251,57.7996
-39.4419,-18.0501,58.1496
-39.3946,-17.5791,58.2946
-39.4158,-17.1061,58.2296
-39.4146,-16.6321,58.2336
-39.303,-16.1611,58.5736
-39.3104,-15.6891,58.5506
-39.2263,-15.2161,58.8066
-39.1682,-14.7431,58.9836
-39.1588,-14.2691,59.0126
-39.122,-13.7961,59.1246
-39.0712,-13.3251,59.2796
-39.0883,-12.8531,59.2276
-39.064,-12.3801,59.3006
-39.1276,-11.9071,59.1076
-39.1341,-11.4341,59.0876
-39.4451,-23.2541,55.8666
-39.3485,-22.7811,56.1606
-39.2134,-22.3061,56.5716
-39.2204,-21.8351,56.5506
-39.0807,-21.3621,56.9756
-39.0735,-20.8881,56.9986
-38.9599,-20.4161,57.3436
-38.9289,-19.9441,57.4386
-38.8821,-19.4691,57.5806
-38.7947,-18.9971,57.8466
-38.8134,-18.5251,57.7896
-38.7415,-18.0501,58.0086
-38.7041,-17.5791,58.1226
-38.6339,-17.1061,58.3356
-38.6637,-16.6321,58.2456
-38.5755,-16.1611,58.5136
-38.5266,-15.6891,58.6626
-38.5368,-15.2161,58.6316
-38.4428,-14.7431,58.9176
-38.4336,-14.2691,58.9456
-38.4047,-13.7961,59.0346
-38.3742,-13.3251,59.1266
-38.3551,-12.8531,59.1856
-38.3848,-12.3801,59.0946
-38.3553,-11.9071,59.1846
-38.334,-11.4341,59.2496
-38.3957,-10.9601,59.0616
-38.7886,-23.2541,55.5906
-38.5934,-22.7811,56.1856
-38.4147,-22.3061,56.7296
-38.4449,-21.8351,56.6376
-38.3727,-21.3621,56.8576
-38.3498,-20.8881,56.9276
-38.2862,-20.4161,57.1206
-38.2258,-19.9441,57.3046
-38.1826,-19.4691,57.4366
-38.1106,-18.9971,57.6556
-38.0998,-18.5251,57.6886
-38.0564,-18.0501,57.8206
-38.0227,-17.5791,57.9236
-37.9496,-17.1061,58.1456
-37.8239,-16.6321,58.5286
-37.8749,-16.1611,58.3736
-37.8426,-15.6891,58.4716
-37.7831,-15.2161,58.6536
-37.736,-14.7431,58.7966
-37.7511,-14.2691,58.7506
-37.7242,-13.7961,58.8326
-37.6617,-13.3251,59.0226
-37.6204,-12.8531,59.1486
-37.6404,-12.3801,59.0876
-37.6232,-11.9071,59.1406
-37.6399,-11.4341,59.0896
-37.6346,-10.9601,59.1056
-37.9947,-22.7811,55.7336
-37.7391,-22.3061,56.5126
-37.6886,-21.8351,56.6666
-37.6235,-21.3621,56.8646
-37.6045,-20.8881,56.9226
-37.5343,-20.4161,57.1356
-37.4822,-19.9441,57.2946
-37.4732,-19.4691,57.3216
-37.4118,-18.9971,57.5086
-37.3703,-18.5251,57.6356
-37.2783,-18.0501,57.9156
-37.2884,-17.5791,57.8846
-37.1712,-17.1061,58.2416
-37.1159,-16.6321,58.4106
-37.1302,-16.1611,58.3666
-37.086,-15.6891,58.5016
-37.066,-15.2161,58.5626
-37.0359,-14.7431,58.6536
-36.9674,-14.2691,58.8626
-37.017,-13.7961,58.7116
-36.8927,-13.3251,59.0896
-36.8115,-12.8531,59.3436
-36.8611,-12.3801,59.1866
-36.8836,-11.9071,59.1176
-36.8119,-11.4341,59.3426
-36.7912,-10.9601,59.4106
-37.0438,-22.7811,56.3566
-36.9732,-22.3061,56.5696
-36.931,-21.8351,56.6986
-36.8923,-21.3621,56.8166
-36.881,-20.8881,56.8506
-36.8424,-20.4161,56.9686
-36.7739,-19.9441,57.1766
-36.7433,-19.4691,57.2696
-36.725,-18.9971,57.3256
-36.6347,-18.5251,57.6006
-36.5477,-18.0501,57.8656
-36.5389,-17.5791,57.8926
-36.4788,-17.1061,58.0756
-36.4692,-16.6321,58.1046
-36.3537,-16.1611,58.4566
-36.3833,-15.6891,58.3666
-36.3297,-15.2161,58.5296
-36.2902,-14.7431,58.6496
-36.2681,-14.2691,58.7176
-36.3023,-13.7961,58.6136
-36.2383,-13.3251,58.8086
-36.2206,-12.8531,58.8616
-36.1922,-12.3801,58.9486
-36.1689,-11.9071,59.0206
-36.1605,-11.4341,59.0516
-36.1458,-10.9601,59.1076
-36.09,-10.4871,59.3186
-36.361,-22.3061,56.1606
-36.3075,-21.8351,56.3236
-36.2038,-21.3621,56.6386
-36.2213,-20.8881,56.5856
-36.0903,-20.4161,56.9846
-36.0223,-19.9441,57.1916
-35.9416,-19.4691,57.4376
-35.9582,-18.9971,57.3866
-35.8834,-18.5251,57.6306
-35.8136,-18.0501,57.8666
-35.7834,-17.5791,57.9676
-35.7721,-17.1061,58.0056
-35.6795,-16.6321,58.3176
-35.6926,-16.1611,58.2736
-35.6633,-15.6891,58.3726
-35.6583,-15.2161,58.3896
-35.6162,-14.7431,58.5316
-35.6459,-14.2691,58.4316
-35.6457,-13.7961,58.4316
-35.6075,-13.3251,58.5606
-35.5675,-12.8531,58.6956
-35.5354,-12.3801,58.8056
-35.4777,-11.9071,59.0226
-35.5151,-11.4341,58.8816
-35.433,-10.9601,59.1916
-35.4597,-10.4871,59.0906
-35.3695,-10.0141,59.4316
-35.5014,-21.8351,56.5356
-35.591,-21.3621,56.2626
-35.4246,-20.8881,56.7696
-35.3495,-20.4161,56.9976
-35.3439,-19.9441,57.0146
-35.2319,-19.4691,57.3876
-35.2215,-18.9971,57.4266
-35.2106,-18.5251,57.4676
-35.0794,-18.0501,57.9626
-35.1005,-17.5791,57.8836
-35.0608,-17.1061,58.0336
-35.0414,-16.6321,58.1066
-35.0117,-16.1611,58.2186
-35.0072,-15.6891,58.2356
-34.9613,-15.2161,58.4086
-34.9159,-14.7431,58.5796
-34.9123,-14.2691,58.5926
-34.9322,-13.7961,58.5186
-34.9804,-13.3251,58.3366
-34.9227,-12.8531,58.5546
-34.9094,-12.3801,58.6026
-34.8442,-11.9071,58.8416
-34.8243,-11.4341,58.9146
-34.7897,-10.9601,59.0406
-34.7722,-10.4871,59.1046
-34.7954,-10.0141,59.0196
-34.8154,-21.3621,56.4216
-34.7348,-20.8881,56.6936
-34.5899,-20.4161,57.2046
-34.582,-19.9441,57.2346
-34.5692,-19.4691,57.2826
-34.4429,-18.9971,57.7596
-34.4452,-18.5251,57.7506
-34.3585,-18.0501,58.0776
-34.3289,-17.5791,58.1896
-34.3557,-17.1061,58.0886
-34.3457,-16.6321,58.1256
-34.3691,-16.1611,58.0376
-34.3455,-15.6891,58.1266
-34.2937,-15.2161,58.3216
-34.2317,-14.7431,58.5566
-34.21,-14.2691,58.6376
-34.2433,-13.7961,58.5126
-34.2281,-13.3251,58.5696
-34.2311,-12.8531,58.5586
-34.3352,-12.3801,58.1656
-34.2431,-11.9071,58.5136
-34.1842,-11.4341,58.7356
-34.1296,-10.9601,58.9416
-34.1198,-10.4871,58.9786
-34.1201,-10.0141,58.9776
-34.066,-9.5411,59.1816
-33.9628,-20.8881,56.9656
-33.8545,-20.4161,57.3746
-33.8493,-19.9441,57.3936
-33.8068,-19.4691,57.5546
-33.7098,-18.9971,57.9206
-33.6691,-18.5251,58.0736
-33.5612,-18.0501,58.4806
-33.6297,-17.5791,58.2226
-33.5695,-17.1061,58.4496
-33.6799,-16.6321,58.0326
-33.6608,-16.1611,58.1046
-33.624,-15.6891,58.2436
-33.5776,-15.2161,58.4186
-33.558,-14.7431,58.4926
-33.5362,-14.2691,58.5746
-33.5455,-13.7961,58.5396
-33.5294,-13.3251,58.6006
-33.5196,-12.8531,58.6376
-33.649,-12.3801,58.1496
-33.5407,-11.9071,58.5576
-33.515,-11.4341,58.6546
-33.5262,-10.9601,58.6126
-33.4751,-10.4871,58.8056
-33.4522,-10.0141,58.8916
-33.3956,-9.5411,59.1056
-33.4474,-9.0681,58.9096
-33.0829,-20.4161,57.6856
-33.0789,-19.9441,57.7006
-33.1111,-19.4691,57.5816
-32.9146,-18.9971,58.3146
-32.9818,-18.5251,58.0616
-32.8522,-18.0501,58.5506
-32.9318,-17.5791,58.2506
-32.9332,-17.1061,58.2446
-32.9175,-16.6321,58.3046
-32.794,-16.1611,58.7696
-32.8757,-15.6891,58.4616
-32.8816,-15.2161,58.4396
-32.8726,-14.7431,58.4736
-32.8624,-14.2691,58.5116
-32.8088,-13.7961,58.7146
-32.8404,-13.3251,58.5946
-32.823,-12.8531,58.6606
-32.8626,-12.3801,58.5116
-32.9185,-11.9071,58.3006
-32.8689,-11.4341,58.4876
-32.8487,-10.9601,58.5636
-32.9192,-10.4871,58.2976
-32.8395,-10.0141,58.5986
-32.8105,-9.5411,58.7076
-32.7533,-9.0681,58.9236
-32.8344,-8.5951,58.6176
-32.5892,-20.4161,56.9786
-32.4113,-19.9441,57.6476
-32.3982,-19.4691,57.6966
-32.0388,-18.9971,59.0526
-32.0498,-18.5251,59.0116
-32.012,-18.0501,59.1546
-32.1272,-17.5791,58.7196
-32.1828,-17.1061,58.5096
-32.1745,-16.6321,58.5416
-32.075,-16.1611,58.9166
-32.0952,-15.6891,58.8406
-32.1482,-15.2161,58.6406
-32.1249,-14.7431,58.7286
-32.1547,-14.2691,58.6156
-32.1943,-13.7961,58.4666
-32.1948,-13.3251,58.4646
-32.1276,-12.8531,58.7186
-32.2217,-12.3801,58.3626
-32.2619,-11.9071,58.2116
-32.2529,-11.4341,58.2456
-32.2674,-10.9601,58.1906
-32.2824,-10.4871,58.1336
-32.2358,-10.0141,58.3096
-32.2172,-9.5411,58.3806
-32.1503,-9.0681,58.6326
-32.1811,-8.5951,58.5166
-32.2351,-8.1231,58.3126
-31.4288,-18.5251,58.7496
-31.1016,-18.0501,59.9836
-31.2094,-17.5791,59.5776
-31.381,-17.1061,58.9296
-31.3718,-16.6321,58.9646
-31.4288,-16.1611,58.7496
-31.3764,-15.6891,58.9476
-31.4072,-15.2161,58.8306
-31.504,-14.7431,58.4666
-31.4419,-14.2691,58.7006
-31.4646,-13.7961,58.6146
-31.4523,-13.3251,58.6606
-31.4716,-12.8531,58.5886
-31.5222,-12.3801,58.3976
-31.5474,-11.9071,58.3036
-31.5793,-11.4341,58.1826
-31.6205,-10.9601,58.0286
-31.6351,-10.4871,57.9726
-31.596,-10.0141,58.1206
-31.63,-9.5411,57.9926
-31.5161,-9.0681,58.4206
-31.5809,-8.5951,58.1766
-31.5924,-8.1231,58.1336
-31.5581,-7.6501,58.2626
-30.4463,-17.1061,59.8516
-30.4708,-16.6321,59.7586
-30.6555,-16.1611,59.0636
-30.6844,-15.6891,58.9546
-30.7367,-15.2161,58.7586
-30.7455,-14.7431,58.7256
-30.771,-14.2691,58.6296
-30.724,-13.7961,58.8066
-30.772,-13.3251,58.6256
-30.7427,-12.8531,58.7356
-30.7631,-12.3801,58.6586
-30.9032,-11.9071,58.1306
-30.8539,-11.4341,58.3166
-30.9349,-10.9601,58.0116
-30.9771,-10.4871,57.8516
-30.9605,-10.0141,57.9146
-30.9703,-9.5411,57.8776
-30.959,-9.0681,57.9206
-30.9588,-8.5951,57.9206
-30.8923,-8.1231,58.1716
-30.8874,-7.6501,58.1906
-29.8195,-16.1611,59.6146
-29.8951,-15.6891,59.3376
-29.9839,-15.2161,59.0116
-29.9831,-14.7431,59.0146
-30.0606,-14.2691,58.7306
-29.9872,-13.7961,58.9996
-30.0644,-13.3251,58.7166
-30.0694,-12.8531,58.6986
-30.0517,-12.3801,58.7636
-30.1993,-11.9071,58.2206
-30.1347,-11.4341,58.4586
-30.2169,-10.9601,58.1536
-30.2267,-10.4871,58.1166
-30.3055,-10.0141,57.8196
-30.3027,-9.5411,57.8296
-30.3131,-9.0681,57.7906
-30.3574,-8.5951,57.6236
-30.2514,-8.1231,58.0236
-30.2544,-7.6501,58.0116
-30.3171,-7.1771,57.7756
-29.1987,-15.6891,59.3906
-29.2339,-15.2161,59.2576
-29.205,-14.7431,59.3666
-29.2845,-14.2691,59.0666
-29.3321,-13.7961,58.8866
-29.3646,-13.3251,58.7646
-29.3017,-12.8531,59.0016
-29.296,-12.3801,59.0236
-29.4593,-11.9071,58.4066
-29.409,-11.4341,58.5966
-29.4273,-10.9601,58.5276
-29.4851,-10.4871,58.3096
-29.5854,-10.0141,57.9316
-29.5677,-9.5411,57.9976
-29.6285,-9.0681,57.7686
-29.6696,-8.5951,57.6136
-29.6336,-8.1231,57.7496
-29.6679,-7.6501,57.6196
-29.6134,-7.1771,57.8256
-29.6511,-6.7031,57.6836
-28.5341,-14.7431,59.2926
-28.689,-14.2691,58.7076
-28.6994,-13.7961,58.6686
-28.6677,-13.3251,58.7886
-28.6593,-12.8531,58.8206
-28.6492,-12.3801,58.8586
-28.728,-11.9071,58.5606
-28.7139,-11.4341,58.6146
-28.7447,-10.9601,58.4986
-28.8384,-10.4871,58.1446
-28.896,-10.0141,57.9266
-28.9002,-9.5411,57.9116
-28.9755,-9.0681,57.6276
-28.9589,-8.5951,57.6896
-28.9561,-8.1231,57.7006
-29.0128,-7.6501,57.4876
-28.9622,-7.1771,57.6776
-28.9841,-6.7031,57.5956
-27.7621,-14.7431,59.5996
-27.7739,-14.2691,59.5556
-27.9276,-13.7961,58.9756
-27.9987,-13.3251,58.7146
-27.9811,-12.8531,58.7786
-27.9187,-12.3801,59.0096
-28.047,-11.9071,58.5376
-27.9894,-11.4341,58.7486
-28.0434,-10.9601,58.5506
-28.1235,-10.4871,58.2586
-28.1349,-10.0141,58.2166
-28.2162,-9.5411,57.9186
-28.2804,-9.0681,57.6846
-28.3115,-8.5951,57.5696
-28.3308,-8.1231,57.4966
-28.3843,-7.6501,57.2946
-28.3498,-7.1771,57.4246
-28.3823,-6.7031,57.3026
-28.4159,-6.2311,57.1756
-27.3209,-13.7961,58.7016
-27.4165,-13.3251,58.3416
-27.2796,-12.8531,58.8576
-27.381,-12.3801,58.4746
-27.3494,-11.9071,58.5946
-27.3406,-11.4341,58.6276
-27.3547,-10.9601,58.5746
-27.4722,-10.4871,58.1306
-27.5097,-10.0141,57.9896
-27.4885,-9.5411,58.0696
-27.5431,-9.0681,57.8636
-27.5402,-8.5951,57.8746
-27.6755,-8.1231,57.3636
-27.7802,-7.6501,56.9686
-27.7485,-7.1771,57.0886
-27.6908,-6.7031,57.3056
-27.8134,-6.2311,56.8436
-27.7034,-5.7581,57.2586
-26.6907,-13.3251,58.4746
-26.4578,-12.8531,59.3526
-26.6536,-12.3801,58.6146
-26.7217,-11.9071,58.3576
-26.6855,-11.4341,58.4936
-26.6437,-10.9601,58.6516
-26.7148,-10.4871,58.3836
-26.8209,-10.0141,57.9836
-26.7586,-9.5411,58.2186
-26.8753,-9.0681,57.7776
-26.9462,-8.5951,57.5106
-26.9265,-8.1231,57.5846
-27.0359,-7.6501,57.1716
-27.0986,-7.1771,56.9356
-27.0939,-6.7031,56.9526
-27.0813,-6.2311,57.0006
-27.1267,-5.7581,56.8296
-26.0464,-12.8531,58.2996
-25.8937,-12.3801,58.8766
-25.9318,-11.9071,58.7326
-26.0204,-11.4341,58.3976
-26.03,-10.9601,58.3616
-26.0605,-10.4871,58.2466
-26.0887,-10.0141,58.1406
-26.0865,-9.5411,58.1486
-26.177,-9.0681,57.8076
-26.1497,-8.5951,57.9106
-26.2469,-8.1231,57.5436
-26.3517,-7.6501,57.1486
-26.424,-7.1771,56.8766
-26.4277,-6.7031,56.8626
-26.4463,-6.2311,56.7946
-26.4273,-5.7581,56.8646
-26.5654,-5.2851,56.3586
-25.2947,-12.3801,58.5696
-25.3008,-11.9071,58.5466
-25.3404,-11.4341,58.3976
-25.4015,-10.9601,58.1666
-25.387,-10.4871,58.2216
-25.3483,-10.0141,58.3676
-25.4208,-9.5411,58.0946
-25.4579,-9.0681,57.9546
-25.5631,-8.5951,57.5576
-25.5907,-8.1231,57.4526
-25.6702,-7.6501,57.1526
-25.6628,-7.1771,57.1816
-25.7069,-6.7031,57.0146
-25.8271,-6.2311,56.5616
-25.8628,-5.7581,56.4276
-25.9052,-5.2851,56.2676
-25.9765,-4.8131,55.9986
-24.6554,-11.9071,58.3766
-24.651,-11.4341,58.3936
-24.8184,-10.9601,57.7616
-24.7503,-10.4871,58.0186
-24.6795,-10.0141,58.2856
-24.6742,-9.5411,58.3056
-24.8236,-9.0681,57.7426
-24.8985,-8.5951,57.4606
-24.7659,-8.1231,57.9596
-25.0094,-7.6501,57.0436
-24.9926,-7.1771,57.1056
-25.0282,-6.7031,56.9726
-25.1688,-6.2311,56.4426
-25.2236,-5.7581,56.2366
-25.2493,-5.2851,56.1396
-25.1818,-4.8131,56.3946
-24.3589,-10.9601,56.8936
-24.1417,-10.4871,57.7126
-24.0049,-10.0141,58.2276
-23.9707,-9.5411,58.3566
-23.911,-9.0681,58.5806
-24.0421,-8.5951,58.0876
-24.1356,-8.1231,57.7356
-24.2295,-7.6501,57.3816
-24.2449,-7.1771,57.3236
-24.3859,-6.7031,56.7916
-24.545,-6.2311,56.1926
-24.6402,-5.7581,55.8436
-24.6018,-5.2851,55.9846
-24.6569,-4.8131,55.7826
-24.7434,-4.3401,55.4656
-23.318,-9.5411,58.2546
-23.3543,-9.0681,58.1176
-23.3815,-8.5951,58.0146
-23.4199,-8.1231,57.8706
-23.5365,-7.6501,57.4296
-23.6403,-7.1771,57.0386
-23.5944,-6.7031,57.2116
-23.7381,-6.2311,56.6696
-23.8807,-5.7581,56.1316
-24.0176,-5.2851,55.6156
-24.0696,-4.8131,55.4186
-24.0758,-4.3401,55.3956
-23.9404,-3.8671,55.9066
-22.7472,-9.0681,57.8026
-22.8696,-8.5951,57.3416
-22.792,-8.1231,57.6346
-22.901,-7.6501,57.2226
-22.8143,-7.1771,57.5496
-23.0227,-6.7031,56.7636
-23.1667,-6.2311,56.2206
-23.2136,-5.7581,56.0436
-23.2766,-5.2851,55.8056
-23.3083,-4.8131,55.6866
-23.3692,-4.3401,55.4566
-23.5669,-3.8671,54.7136
-22.2115,-8.1231,57.2196
-22.1766,-7.6501,57.3506
-22.236,-7.1771,57.1266
-22.2546,-6.7031,57.0566
-22.4547,-6.2311,56.3026
-22.4687,-5.7581,56.2506
-22.5871,-5.2851,55.8046
-22.6616,-4.8131,55.5246
-22.7982,-4.3401,55.0086
-22.9171,-3.8671,54.5606
-23.0096,-3.3931,54.2106
-21.6842,-7.6501,56.6456
-21.5016,-7.1771,57.3136
-21.6584,-6.7031,56.7396
-21.8078,-6.2311,56.1786
-21.8395,-5.7581,56.0596
-21.8831,-5.2851,55.8956
-22.0427,-4.8131,55.2926
-22.1077,-4.3401,55.0476
-22.2023,-3.8671,54.6906
-22.2594,-3.3931,54.4756
-21.0446,-6.7031,56.4146
-21.0535,-6.2311,56.3806
-21.2076,-5.7581,55.7826
-21.2233,-5.2851,55.7216
-21.246,-4.8131,55.6346
-21.4817,-4.3401,54.7196
-21.6489,-3.8671,54.0696
-21.6499,-3.3931,54.0656
-21.6723,-2.9201,53.9786
-20.3648,-6.2311,56.1476
-20.331,-5.7581,56.2786
-20.4967,-5.2851,55.6356
-20.7077,-4.8131,54.8156
-20.6437,-4.3401,55.0636
-20.843,-3.8671,54.2906
-20.8948,-3.3931,54.0906
-21.0027,-2.9201,53.6716
-21.2255,-2.4491,52.8066
-19.6815,-5.7581,55.8906
-19.746,-5.2851,55.6406
-19.9817,-4.8131,54.7276
-20.0279,-4.3401,54.5486
-20.1504,-3.8671,54.0866
-20.2247,-3.3931,53.8056
-20.3372,-2.9201,53.3816
-20.5039,-2.4491,52.7396
-19.1611,-5.2851,55.0446
-19.0111,-4.8131,55.6276
-19.3064,-4.3401,54.4796
-19.3757,-3.8671,54.2106
-19.5339,-3.3931,53.5976
-19.6668,-2.9201,53.0826
-19.7749,-2.4491,52.6626
-18.5086,-4.3401,54.6696
-18.663,-3.8671,54.0716
-18.9667,-3.3931,52.8916
-18.9993,-2.9201,52.7646
-19.1753,-2.4491,52.0826
-19.1845,-1.9761,52.0466
-17.8188,-4.3401,54.4796
-17.839,-3.8671,54.4016
-18.142,-3.3931,53.2256
-18.3034,-2.9201,52.5996
-18.3867,-2.4491,52.2766
-18.4637,-1.9761,51.9766
-17.1474,-3.8671,54.1786
-17.3797,-3.3931,53.2776
-17.6341,-2.9201,52.2886
-17.701,-2.4491,52.0296
-17.7459,-1.9761,51.8556
-17.8565,-1.5031,51.4266
-16.6671,-3.3931,53.1386
-16.9379,-2.9201,52.0856
-16.9836,-2.4491,51.9076
-17.1791,-1.9761,51.1486
-17.2788,-1.5031,50.7606
-17.3164,-1.0301,50.6146
-15.9984,-2.9201,52.8646
-16.294,-2.4491,51.7196
-16.4998,-1.9761,50.9196
-16.617,-1.5031,50.4636
-16.6854,-1.0301,50.1986
-15.6299,-2.9201,51.3876
-15.5932,-2.4491,51.5306
-15.8098,-1.9761,50.6906
-15.9649,-1.5031,50.0896
-16.0287,-1.0301,49.8416
-14.8021,-2.4491,51.7346
-15.1065,-1.9761,50.5526
-15.2971,-1.5031,49.8126
-15.4179,-1.0301,49.3436
-15.459,-0.5571,49.1846
-14.2882,-1.9761,50.8206
-14.5151,-1.5031,49.9416
-14.7719,-1.0301,48.9446
-14.7678,-0.5571,48.9606
-13.5965,-1.9761,50.6006
-13.8676,-1.5031,49.5466
-14.1338,-1.0301,48.5136
-14.1103,-0.5571,48.6046
-14.2738,-0.0841,47.9716
-13.0958,-1.5031,49.6756
-13.4314,-1.0301,48.3726
-13.4747,-0.5571,48.2046
-13.6012,-0.0841,47.7126
-12.714,-1.0301,48.2496
-13.0192,-0.5571,47.0656
-13.091,-0.0841,46.7876
-11.8806,-1.0301,48.6176
-12.2742,-0.5571,47.0886
-12.4269,-0.0841,46.4966
-11.5631,-0.5571,46.9436
-11.7477,-0.0841,46.2276
-11.7749,0.3869,46.1226
-10.8776,-0.5571,46.6986
-11.1286,-0.0841,45.7226
-11.2953,0.3869,45.0816
-10.571,-0.5571,45.0216
-10.4213,-0.0841,45.6016
-10.7287,0.3869,44.4086
-10.76,0.8599,44.2866
-9.8953,-0.0841,44.7346
-10.0839,0.3869,44.0036
-10.1885,0.8599,43.5986
-9.2301,-0.0841,44.4516
-9.4352,0.3869,43.6546
-9.7262,0.8599,42.5246
-8.8943,0.3869,42.8476
-9.0729,0.8599,42.1536
-9.2233,1.3339,41.5686
-8.2138,0.3869,42.5816
-8.4739,0.8599,41.6026
-8.5941,1.3339,41.1456
-7.6982,0.3869,41.7146
-7.8354,0.8599,41.1816
-8.0893,1.3339,40.1966
-7.1668,0.8599,40.8706
-7.5277,1.3339,39.4686
-7.8653,1.8059,38.1606
-6.6863,0.8599,39.8696
-6.9731,1.3339,38.7546
-7.2172,1.8059,37.8066
-6.1825,0.8599,38.9186
-6.3573,1.3339,38.2396
-6.6986,1.8059,36.9146
-5.6894,1.3339,37.9646
-6.032,1.8059,36.6346
-6.5442,2.2789,34.6476
-5.3831,1.8059,36.2466
-5.873,2.2789,34.3446
-4.8027,1.8059,35.5906
-5.1812,2.2789,34.1236
-5.3412,2.7529,33.5016
-4.1644,1.8059,35.2026
-4.6805,2.2789,33.1986
-4.9058,2.7529,32.3066
-4.1582,2.2789,32.3176
-4.5387,2.7529,30.6996
-3.6583,2.2789,31.3346
-3.9994,2.7529,29.8216
-3.4678,2.7529,28.9086
-3.8264,3.2259,27.2446
-2.9531,2.7529,27.8976
-3.179,3.2259,26.8776
-3.823,3.6989,23.9266
-2.6685,3.2259,25.8476
-3.1657,3.6989,23.6026
-2.1537,3.2259,24.8306
-2.4926,3.6989,23.3006
-1.7895,3.2259,23.1396
-2.1277,3.6989,21.6136
-1.8247,3.6989,19.6466
-2.3033,4.1749,17.4876
-1.4331,3.6989,18.0796
-1.658,4.1749,17.0646
-0.9144,3.6989,17.1056
-1.2721,4.1749,15.4666
-0.7409,4.1749,14.5336
-56.4971,-26.6181,52.0306
-55.7721,-27.0891,52.2346
-55.6543,-26.6191,51.9296
-55.4778,-26.1501,51.4726
-55.5889,-25.6761,51.7606
-55.0285,-27.0881,52.3896
-54.9491,-26.6171,52.1846
-54.9513,-26.1451,52.1906
-54.9456,-25.6731,52.1756
-54.9767,-25.2011,52.2566
-54.8357,-24.7311,51.8916
-54.5921,-24.2621,51.2606
-54.3628,-27.0851,52.7496
-54.2481,-26.6151,52.4586
-54.3179,-26.1421,52.6356
-54.1883,-25.6721,52.3066
-54.1788,-25.2001,52.2826
-54.1611,-24.7281,52.2376
-54.2587,-24.2541,52.4856
-54.1359,-23.7831,52.1736
-54.1478,-23.3101,52.2036
-54.1299,-22.8381,52.1586
-54.1066,-22.3661,52.0986
-54.3273,-21.8901,52.6596
-54.17,-21.4181,52.2596
-54.0804,-20.9491,52.0326
-54.3616,-20.4721,52.7466
-53.5181,-27.0861,52.6326
-53.4184,-26.6161,52.3836
-53.5784,-26.1411,52.7826
-53.5238,-25.6701,52.6466
-53.5201,-25.1981,52.6376
-53.5617,-24.7251,52.7416
-53.4951,-24.2531,52.5756
-53.562,-23.7791,52.7416
-53.6475,-23.3051,52.9556
-53.3978,-22.8371,52.3326
-53.4905,-22.3631,52.5636
-53.5854,-21.8891,52.8006
-53.7295,-21.4111,53.1556
-53.5046,-20.9451,52.5986
-53.6522,-20.4701,52.9666
-53.8994,-19.9911,53.5356
-52.818,-27.0851,52.8326
-52.7291,-26.6141,52.6266
-52.7678,-26.1411,52.7156
-52.9071,-25.6671,53.0386
-52.9501,-25.1941,53.1386
-53.0064,-24.7211,53.2686
-52.9621,-24.2491,53.1666
-52.8819,-23.7781,52.9806
-53.0296,-23.3031,53.3226
-52.8625,-22.8331,52.9356
-52.9014,-22.3591,53.0256
-52.9548,-21.8861,53.1496
-52.9534,-21.4121,53.1466
-52.91,-20.9421,53.0456
-52.9493,-20.4691,53.1366
-53.1129,-19.9911,53.5096
-53.159,-19.5171,53.6136
-53.2465,-19.0471,53.8086
-53.6936,-18.5681,54.8086
-52.0878,-27.0841,52.9766
-51.9834,-26.6131,52.7426
-52.0839,-26.1391,52.9676
-52.1556,-25.6661,53.1286
-52.1589,-25.1941,53.1356
-52.3288,-24.7201,53.5156
-52.4019,-24.2451,53.6796
-52.3201,-23.7741,53.4966
-52.3551,-23.3011,53.5746
-52.3721,-22.8281,53.6126
-52.3719,-22.3551,53.6126
-52.3556,-21.8831,53.5756
-52.3296,-21.4091,53.5176
-52.5466,-20.9351,54.0036
-52.4673,-20.4641,53.8256
-52.6013,-19.9871,54.1256
-52.6108,-19.5131,54.1466
-52.7743,-19.0421,54.5126
-53.07,-18.5661,55.1736
-53.0839,-18.0941,55.2046
-51.6297,-27.5511,53.6856
-51.5067,-27.0811,53.4106
-51.4491,-26.6091,53.2816
-51.5926,-26.1351,53.6026
-51.5746,-25.6631,53.5626
-51.6708,-25.1901,53.7776
-51.704,-24.7171,53.8516
-51.6906,-24.2441,53.8216
-51.741,-23.7711,53.9346
-51.7779,-23.2981,54.0166
-51.7145,-22.8261,53.8756
-51.7619,-22.3531,53.9816
-51.801,-21.8801,54.0686
-51.8921,-21.4041,54.2726
-51.8397,-20.9341,54.1556
-51.8512,-20.4621,54.1806
-52.0157,-19.9841,54.5486
-52.2056,-19.5071,54.9736
-52.2673,-19.0381,55.1116
-52.338,-18.5651,55.2696
-52.3735,-18.0921,55.3496
-52.8033,-17.6131,56.3106
-50.9956,-27.5491,54.0246
-50.7987,-27.0801,53.5846
-50.9471,-26.6051,53.9166
-50.8818,-26.1341,53.7706
-50.9879,-25.6601,54.0076
-51.0715,-25.1871,54.1946
-51.1126,-24.7141,54.2866
-51.0802,-24.2421,54.2146
-51.1333,-23.7681,54.3326
-51.1688,-23.2951,54.4126
-51.2422,-22.8211,54.5766
-51.0875,-22.3511,54.2306
-51.2425,-21.8761,54.5776
-51.2292,-21.4021,54.5476
-51.3132,-20.9301,54.7356
-51.4332,-20.4561,55.0036
-51.4634,-19.9811,55.0716
-51.5939,-19.5041,55.3636
-51.6053,-19.0361,55.3886
-51.7126,-18.5631,55.6286
-51.8867,-18.0881,56.0186
-51.869,-17.6151,55.9786
-51.9789,-17.1411,56.2246
-50.26,-27.0761,54.1146
-50.32,-26.6021,54.2486
-50.3263,-26.1301,54.2626
-50.4161,-25.6571,54.4636
-50.4589,-25.1851,54.5596
-50.5118,-24.7111,54.6786
-50.4514,-24.2391,54.5426
-50.4935,-23.7661,54.6366
-50.5058,-23.2931,54.6646
-50.6134,-22.8191,54.9056
-50.5504,-22.3471,54.7646
-50.6403,-21.8741,54.9656
-50.6364,-21.3991,54.9566
-50.7121,-20.9281,55.1256
-50.8016,-20.4541,55.3266
-50.8376,-19.9781,55.4066
-50.9409,-19.5031,55.6376
-50.9097,-19.0351,55.5686
-51.0748,-18.5611,55.9376
-51.3464,-18.0841,56.5456
-51.3616,-17.6111,56.5786
-51.4108,-17.1381,56.6896
-49.7401,-27.0721,54.7096
-49.7846,-26.5991,54.8096
-49.7453,-26.1271,54.7216
-49.8264,-25.6541,54.9026
-49.8284,-25.1821,54.9076
-49.8742,-24.7091,55.0096
-49.7801,-24.2381,54.7996
-49.8754,-23.7641,55.0126
-49.9289,-23.2901,55.1326
-49.9909,-22.8161,55.2706
-50.0772,-22.3421,55.4636
-50.0066,-21.8711,55.3056
-50.0763,-21.3951,55.4616
-50.0451,-20.9261,55.3916
-50.1045,-20.4531,55.5246
-50.1496,-19.9771,55.6256
-50.2671,-19.5011,55.8886
-50.2523,-19.0331,55.8556
-50.4178,-18.5581,56.2256
-50.5014,-18.0851,56.4126
-50.6796,-17.6101,56.8116
-50.7187,-17.1361,56.8986
-50.7644,-16.6631,57.0006
-50.9155,-16.1871,57.3396
-49.3035,-26.5941,55.4686
-49.1644,-26.1241,55.1576
-49.1759,-25.6521,55.1826
-49.2058,-25.1801,55.2496
-49.2724,-24.7061,55.3986
-49.1868,-24.2351,55.2076
-49.3037,-23.7601,55.4686
-49.3106,-23.2881,55.4846
-49.2332,-22.8161,55.3116
-49.4189,-22.3401,55.7266
-49.3785,-21.8691,55.6366
-49.4035,-21.3941,55.6916
-49.4305,-20.9231,55.7526
-49.5715,-20.4491,56.0676
-49.5595,-19.9741,56.0416
-49.5825,-19.4991,56.0926
-49.736,-19.0291,56.4356
-49.6975,-18.5581,56.3496
-49.9066,-18.0821,56.8176
-49.963,-17.6091,56.9436
-50.0798,-17.1341,57.2046
-50.1832,-16.6601,57.4366
-50.2076,-16.1861,57.4906
-50.3726,-15.7121,57.8596
-48.6864,-26.1191,55.8456
-48.6429,-25.6481,55.7486
-48.6569,-25.1761,55.7796
-48.6286,-24.7041,55.7166
-48.7643,-24.2291,56.0206
-48.5996,-23.7591,55.6516
-48.6283,-23.2861,55.7156
-48.6117,-22.8141,55.6786
-48.748,-22.3391,55.9836
-48.7672,-21.8661,56.0266
-48.6943,-21.3931,55.8636
-48.7925,-20.9211,56.0836
-48.9176,-20.4471,56.3626
-48.9495,-19.9711,56.4346
-48.9592,-19.4971,56.4566
-49.0345,-19.0281,56.6246
-49.1368,-18.5541,56.8536
-49.1993,-18.0811,56.9936
-49.3258,-17.6061,57.2766
-49.3953,-17.1331,57.4316
-49.4846,-16.6591,57.6316
-49.4587,-16.1861,57.5736
-49.583,-15.7121,57.8516
-49.6859,-15.2391,58.0816
-47.9707,-25.6461,55.9806
-47.9964,-25.1741,56.0376
-47.9815,-24.7021,56.0046
-48.0634,-24.2281,56.1876
-48.0839,-23.7551,56.2336
-48.1439,-23.2811,56.3676
-47.8764,-22.8131,55.7696
-47.9726,-22.3391,55.9846
-47.9838,-21.8661,56.0096
-48.0167,-21.3911,56.0836
-48.0767,-20.9201,56.2176
-48.2403,-20.4451,56.5836
-48.3251,-19.9691,56.7726
-48.3902,-19.4941,56.9186
-48.378,-19.0261,56.8916
-48.4285,-18.5531,57.0046
-48.5115,-18.0801,57.1896
-48.6036,-17.6061,57.3956
-48.7209,-17.1311,57.6586
-48.7084,-16.6591,57.6306
-48.8352,-16.1831,57.9136
-48.8729,-15.7111,57.9986
-48.854,-15.2401,57.9556
-48.6533,-14.7711,57.5076
-48.5658,-14.3001,57.3116
-47.0843,-25.6481,55.7556
-47.2877,-25.1731,56.2106
-47.3574,-24.7001,56.3666
-47.4339,-24.2251,56.5376
-47.4976,-23.7521,56.6796
-47.4838,-23.2791,56.6486
-47.3105,-22.8101,56.2616
-47.2358,-22.3381,56.0946
-47.279,-21.8651,56.1906
-47.2847,-21.3901,56.2036
-47.5035,-20.9171,56.6926
-47.5146,-20.4441,56.7176
-47.6563,-19.9671,57.0346
-47.7258,-19.4921,57.1906
-47.7343,-19.0231,57.2096
-47.8136,-18.5501,57.3866
-47.967,-18.0761,57.7296
-47.8867,-17.6051,57.5506
-47.8443,-17.1321,57.4556
-47.9774,-16.6581,57.7536
-48.184,-16.1811,58.2156
-48.0608,-15.7121,57.9396
-48.2785,-15.2371,58.4266
-48.1247,-14.7671,58.0826
-48.1184,-14.2951,58.0686
-47.9764,-13.8241,57.7506
-46.6629,-25.1711,56.5476
-46.7385,-24.6971,56.7166
-46.7447,-24.2241,56.7306
-46.7612,-23.7511,56.7676
-46.6201,-23.2811,56.4526
-46.6685,-22.8071,56.5606
-46.7414,-22.3331,56.7236
-46.7196,-21.8621,56.6746
-46.7091,-21.3871,56.6516
-46.7351,-20.9171,56.7096
-46.8368,-20.4431,56.9366
-46.9178,-19.9661,57.1186
-46.9681,-19.4911,57.2306
-46.9795,-19.0231,57.2556
-47.0379,-18.5501,57.3866
-47.2391,-18.0751,57.8366
-47.197,-17.6031,57.7416
-47.291,-17.1291,57.9526
-47.2816,-16.6561,57.9316
-47.3234,-16.1821,58.0246
-47.5124,-15.7081,58.4466
-47.5652,-15.2361,58.5646
-47.3481,-14.7671,58.0796
-47.3388,-14.2951,58.0586
-47.2575,-13.8231,57.8776
-47.2703,-13.3501,57.9056
-45.873,-24.6981,56.5386
-45.953,-24.2241,56.7176
-46.0057,-23.7511,56.8356
-46.0026,-23.2781,56.8286
-45.9638,-22.8061,56.7426
-45.8792,-22.3351,56.5526
-45.9819,-21.8611,56.7826
-46.0256,-21.3851,56.8806
-46.1597,-20.9131,57.1806
-46.1491,-20.4411,57.1566
-46.1245,-19.9661,57.1016
-46.1729,-19.4921,57.2096
-46.3872,-19.0201,57.6896
-46.5098,-18.5461,57.9636
-46.4488,-18.0751,57.8266
-46.5393,-17.6011,58.0296
-46.6466,-17.1271,58.2696
-46.7207,-16.6531,58.4346
-46.6691,-16.1801,58.3196
-46.8291,-15.7061,58.6776
-46.8689,-15.2341,58.7666
-46.683,-14.7651,58.3506
-46.6976,-14.2921,58.3836
-46.7437,-13.8191,58.4866
-46.5473,-13.3491,58.0476
-45.3902,-24.2211,57.1926
-45.2459,-23.7511,56.8696
-45.39,-23.2761,57.1926
-45.1607,-22.8071,56.6786
-45.3905,-22.3301,57.1926
-45.427,-21.8581,57.2746
-45.3743,-21.3841,57.1566
-45.3109,-20.9141,57.0146
-45.4646,-20.4401,57.3586
-45.4234,-19.9651,57.2666
-45.5842,-19.4891,57.6266
-45.581,-19.0211,57.6196
-45.6401,-18.5481,57.7516
-45.7808,-18.0741,58.0666
-45.8636,-17.6001,58.2516
-45.9082,-17.1261,58.3516
-45.9426,-16.6531,58.4286
-46.0396,-16.1781,58.6456
-46.092,-15.7061,58.7626
-46.1016,-15.2341,58.7836
-45.9726,-14.7641,58.4956
-46.0452,-14.2901,58.6576
-45.9246,-13.8201,58.3876
-45.903,-13.3471,58.3396
-45.7046,-12.8751,57.8956
-44.7313,-24.2191,57.4786
-44.5659,-23.7491,57.1086
-44.6257,-23.2751,57.2416
-44.4864,-22.8051,56.9306
-44.5136,-22.3321,56.9916
-44.6363,-21.8581,57.2656
-44.7231,-21.3811,57.4596
-44.6327,-20.9131,57.2576
-44.5671,-20.4411,57.1106
-44.589,-19.9661,57.1596
-44.752,-19.4891,57.5246
-44.9047,-19.0191,57.8666
-45.0025,-18.5461,58.0846
-45.0617,-18.0721,58.2176
-45.0604,-17.6001,58.2146
-45.1497,-17.1261,58.4146
-45.2922,-16.6511,58.7336
-45.2515,-16.1781,58.6416
-45.3278,-15.7051,58.8126
-45.3239,-15.2341,58.8036
-45.2791,-14.7621,58.7036
-45.2996,-14.2901,58.7496
-45.0931,-13.8201,58.2876
-45.2044,-13.3451,58.5366
-45.0445,-12.8731,58.1786
-43.8305,-23.7481,57.1966
-43.658,-23.2781,56.8116
-43.7307,-22.8051,56.9736
-43.7742,-22.3311,57.0706
-43.7663,-21.8591,57.0536
-44.0113,-21.3801,57.6016
-43.9517,-20.9111,57.4676
-43.9672,-20.4391,57.5026
-43.8974,-19.9651,57.3466
-44.0672,-19.4881,57.7266
-44.1352,-19.0191,57.8786
-44.1938,-18.5461,58.0096
-44.3458,-18.0721,58.3496
-44.4208,-17.5981,58.5176
-44.3901,-17.1251,58.4486
-44.4583,-16.6521,58.6016
-44.5935,-16.1761,58.9036
-44.5581,-15.7051,58.8246
-44.5635,-15.2341,58.8366
-44.5788,-14.7611,58.8706
-44.5744,-14.2891,58.8606
-44.4958,-13.8181,58.6856
-44.5496,-13.3431,58.8056
-44.5006,-12.8691,58.6956
-44.2408,-12.4031,58.1146
-43.2281,-23.7461,57.5846
-42.8385,-23.2791,56.7126
-42.8274,-22.8071,56.6876
-42.966,-22.3321,56.9986
-43.0117,-21.8591,57.1006
-43.0764,-21.3831,57.2456
-43.101,-20.9121,57.3006
-43.2101,-20.4381,57.5446
-43.3408,-19.9611,57.8366
-43.2371,-19.4891,57.6046
-43.2986,-19.0201,57.7426
-43.4626,-18.5451,58.1096
-43.5771,-18.0711,58.3656
-43.6792,-17.5971,58.5936
-43.7196,-17.1241,58.6836
-43.8724,-16.6491,59.0256
-43.8674,-16.1761,59.0146
-44.0008,-15.7021,59.3136
-43.7542,-15.2341,58.7616
-43.8736,-14.7601,59.0286
-43.989,-14.2861,59.2866
-43.7943,-13.8161,58.8516
-43.8549,-13.3421,58.9866
-43.6858,-12.8701,58.6086
-43.5902,-12.4011,58.3946
-42.8936,-23.7391,58.5946
-41.8292,-23.2821,56.2136
-41.9018,-22.8091,56.3756
-42.1339,-22.3321,56.8946
-42.1848,-21.8591,57.0086
-42.3004,-21.3831,57.2676
-42.3223,-20.9121,57.3166
-42.4784,-20.4381,57.6656
-42.617,-19.9601,57.9756
-42.5831,-19.4871,57.8996
-42.5946,-19.0181,57.9256
-42.8109,-18.5431,58.4096
-42.8036,-18.0711,58.3926
-42.8837,-17.5971,58.5726
-42.9304,-17.1241,58.6766
-43.0485,-16.6491,58.9406
-43.0631,-16.1761,58.9736
-43.0295,-15.7051,58.8986
-43.012,-15.2341,58.8586
-43.0731,-14.7601,58.9956
-43.1287,-14.2871,59.1206
-43.1641,-13.8141,59.1996
-43.2086,-13.3401,59.2986
-43.0951,-12.8671,59.0446
-42.9329,-12.3991,58.6826
-41.0661,-23.2821,56.2416
-41.0938,-22.8091,56.3036
-41.3693,-22.3321,56.9196
-41.2917,-21.8611,56.7466
-41.3596,-21.3851,56.8976
-41.4256,-20.9141,57.0456
-41.6318,-20.4391,57.5066
-41.8618,-19.9601,58.0216
-41.8369,-19.4861,57.9656
-41.9211,-19.0171,58.1546
-41.8659,-18.5461,58.0306
-41.9788,-18.0721,58.2836
-42.0606,-17.5981,58.4666
-42.1594,-17.1241,58.6876
-42.2577,-16.6501,58.9076
-42.2666,-16.1761,58.9266
-42.2745,-15.7051,58.9446
-42.2833,-15.2331,58.9646
-42.2734,-14.7611,58.9426
-42.3951,-14.2871,59.2146
-42.4258,-13.8131,59.2836
-42.3095,-13.3421,59.0226
-42.3185,-12.8671,59.0436
-42.2186,-12.3981,58.8196
-40.293,-23.2821,56.2706
-40.2756,-22.8101,56.2316
-40.3996,-22.3351,56.5086
-40.4227,-21.8631,56.5606
-40.6323,-21.3841,57.0286
-40.5632,-20.9151,56.8746
-40.8149,-20.4391,57.4376
-40.8498,-19.9631,57.5156
-41.04,-19.4861,57.9406
-41.0535,-19.0181,57.9716
-41.1814,-18.5441,58.2576
-41.2017,-18.0721,58.3026
-41.2169,-17.5991,58.3366
-41.2867,-17.1251,58.4926
-41.4834,-16.6491,58.9326
-41.5423,-16.1751,59.0646
-41.5109,-15.7041,58.9946
-41.4627,-15.2331,58.8866
-41.4979,-14.7611,58.9656
-41.6015,-14.2871,59.1976
-41.5147,-13.8151,59.0026
-41.5329,-13.3421,59.0436
-41.5894,-12.8661,59.1696
-41.528,-12.3961,59.0326
-41.5373,-11.9241,59.0536
-39.6549,-23.2801,56.5776
-39.6119,-22.8081,56.4816
-39.7464,-22.3331,56.7826
-39.7657,-21.8611,56.8256
-39.7194,-21.3871,56.7226
-39.9156,-20.9131,57.1606
-39.8735,-20.4421,57.0666
-40.1591,-19.9621,57.7056
-40.0974,-19.4891,57.5676
-40.2246,-19.0191,57.8526
-40.3436,-18.5451,58.1186
-40.4386,-18.0721,58.3306
-40.3787,-17.6001,58.1976
-40.5379,-17.1251,58.5536
-40.7379,-16.6491,59.0006
-40.7742,-16.1751,59.0816
-40.7952,-15.7031,59.1286
-40.8022,-15.2321,59.1446
-40.8284,-14.7591,59.2036
-40.8521,-14.2861,59.2566
-40.6494,-13.8171,58.8026
-40.8235,-13.3411,59.1926
-40.8712,-12.8651,59.2986
-40.8792,-12.3951,59.3166
-40.7379,-11.9241,59.0006
-40.6132,-11.4501,58.7216
-39.1303,-23.2761,57.1626
-38.868,-22.8071,56.5756
-38.9061,-22.3341,56.6606
-39.0423,-21.8601,56.9656
-39.0768,-21.3841,57.0426
-39.1069,-20.9141,57.1096
-39.138,-20.4411,57.1796
-39.2501,-19.9641,57.4306
-39.3786,-19.4881,57.7176
-39.3449,-19.0201,57.6426
-39.4832,-18.5461,57.9516
-39.5007,-18.0741,57.9906
-39.7026,-17.5981,58.4426
-39.6821,-17.1261,58.3966
-39.7266,-16.6531,58.4966
-39.9224,-16.1761,58.9346
-39.9206,-15.7051,58.9306
-40.0611,-15.2311,59.2446
-40.0538,-14.7591,59.2286
-39.9892,-14.2871,59.0836
-39.9036,-13.8161,58.8926
-40.1158,-13.3401,59.3666
-40.1261,-12.8651,59.3896
-40.1167,-12.3941,59.3686
-40.0,-11.9231,59.1076
-39.9679,-11.4481,59.0366
-39.9052,-10.9791,58.8956
-38.2981,-23.2771,57.0356
-38.3017,-22.8041,57.0446
-38.3706,-22.3301,57.1976
-38.21,-21.8611,56.8396
-38.2909,-21.3851,57.0196
-38.3599,-20.9131,57.1746
-38.4542,-20.4401,57.3846
-38.4552,-19.9641,57.3866
-38.6463,-19.4871,57.8136
-38.5833,-19.0201,57.6736
-38.671,-18.5471,57.8696
-38.7893,-18.0731,58.1336
-38.8713,-17.5991,58.3166
-38.9665,-17.1251,58.5296
-39.0184,-16.6511,58.6456
-38.9908,-16.1791,58.5836
-39.19,-15.7041,59.0296
-39.2066,-15.2321,59.0666
-39.2873,-14.7591,59.2466
-39.1947,-14.2881,59.0396
-39.2606,-13.8141,59.1876
-39.2627,-13.3411,59.1926
-39.1948,-12.8671,59.0406
-39.2909,-12.3951,59.2556
-39.2844,-11.9221,59.2406
-39.2938,-11.4461,59.2616
-39.1184,-10.9801,58.8696
-37.3875,-22.8061,56.7576
-37.6507,-22.3291,57.3456
-37.7166,-21.8561,57.4936
-37.5811,-21.3831,57.1906
-37.6141,-20.9131,57.2646
-37.5438,-20.4411,57.1066
-37.6663,-19.9641,57.3806
-37.6656,-19.4901,57.3796
-37.7048,-19.0221,57.4666
-37.8669,-18.5471,57.8296
-37.9597,-18.0741,58.0376
-38.0022,-17.6001,58.1326
-38.0347,-17.1271,58.2046
-38.229,-16.6521,58.6396
-38.2667,-16.1781,58.7236
-38.2854,-15.7061,58.7656
-38.4351,-15.2321,59.1006
-38.4101,-14.7601,59.0446
-38.3941,-14.2881,59.0086
-38.3748,-13.8161,58.9656
-38.4389,-13.3411,59.1096
-38.5543,-12.8651,59.3676
-38.432,-12.3961,59.0936
-38.6514,-11.9201,59.5846
-38.537,-11.4461,59.3286
-38.3107,-10.9801,58.8226
-37.9699,-10.5131,58.0596
-36.8961,-22.3291,57.3916
-36.9022,-21.8571,57.4046
-36.8373,-21.3831,57.2596
-36.7655,-20.9141,57.0996
-36.8306,-20.4411,57.2446
-36.9131,-19.9641,57.4296
-36.9112,-19.4901,57.4246
-36.9769,-19.0211,57.5726
-37.1347,-18.5471,57.9256
-37.1812,-18.0741,58.0296
-37.2485,-17.6001,58.1796
-37.3646,-17.1261,58.4396
-37.5084,-16.6511,58.7616
-37.3997,-16.1791,58.5176
-37.5559,-15.7051,58.8676
-37.6054,-15.2331,58.9786
-37.4636,-14.7631,58.6606
-37.597,-14.2881,58.9596
-37.5841,-13.8161,58.9306
-37.5782,-13.3431,58.9176
-37.7155,-12.8661,59.2246
-37.6889,-12.3961,59.1646
-37.7517,-11.9221,59.3056
-37.8422,-11.4451,59.5076
-37.7576,-10.9761,59.3186
-37.3856,-10.5101,58.4866
-36.5355,-21.3751,58.3446
-36.2005,-20.9101,57.5956
-36.0923,-20.4401,57.3526
-36.1447,-19.9641,57.4706
-36.2209,-19.4891,57.6406
-36.2902,-19.0191,57.7956
-36.2847,-18.5481,57.7836
-36.4326,-18.0731,58.1146
-36.5006,-17.6001,58.2666
-36.596,-17.1251,58.4796
-36.7241,-16.6511,58.7666
-36.7182,-16.1771,58.7536
-36.8325,-15.7041,59.0086
-36.8068,-15.2331,58.9516
-36.7544,-14.7621,58.8336
-36.726,-14.2901,58.7706
-36.663,-13.8181,58.6296
-36.8624,-13.3421,59.0756
-36.9116,-12.8661,59.1856
-36.9741,-12.3941,59.3256
-36.9688,-11.9221,59.3136
-36.9741,-11.4461,59.3256
-36.9769,-10.9761,59.3316
-36.8339,-10.5061,59.0116
-35.2906,-20.9121,57.2936
-35.3828,-20.4391,57.4996
-35.5009,-19.9621,57.7636
-35.4967,-19.4881,57.7546
-35.5011,-19.0201,57.7636
-35.5186,-18.5471,57.8036
-35.596,-18.0741,57.9766
-35.6458,-17.6011,58.0876
-35.7308,-17.1271,58.2776
-35.9407,-16.6511,58.7476
-35.8598,-16.1791,58.5666
-35.9773,-15.7051,58.8296
-36.0869,-15.2321,59.0746
-36.0302,-14.7611,58.9476
-36.013,-14.2891,58.9096
-36.0122,-13.8161,58.9076
-36.0216,-13.3431,58.9286
-36.0614,-12.8671,59.0176
-36.1063,-12.3961,59.1176
-36.1568,-11.9231,59.2306
-36.1887,-11.4461,59.3026
-36.3533,-10.9741,59.6706
-36.017,-10.5071,58.9186
-35.869,-10.0371,58.5876
-34.8975,-20.9061,58.1736
-34.7257,-20.4371,57.7896
-34.6763,-19.9621,57.6786
-34.8499,-19.4861,58.0676
-34.8042,-19.0181,57.9646
-34.83,-18.5461,58.0226
-34.9113,-18.0731,58.2046
-35.0484,-17.5981,58.5116
-35.0149,-17.1261,58.4366
-34.9705,-16.6541,58.3366
-35.1417,-16.1781,58.7196
-35.1818,-15.7051,58.8096
-35.098,-15.2351,58.6226
-35.1858,-14.7621,58.8186
-35.1503,-14.2901,58.7396
-35.0783,-13.8181,58.5776
-35.2852,-13.3421,59.0416
-35.1059,-12.8701,58.6396
-35.1011,-12.3991,58.6296
-35.1669,-11.9261,58.7766
-35.2999,-11.4481,59.0736
-35.3253,-10.9781,59.1306
-35.4549,-10.5041,59.4206
-35.128,-10.0361,58.6896
-34.9992,-9.5661,58.4016
-34.1376,-20.4341,58.2346
-34.0589,-19.9601,58.0616
-34.2735,-19.4821,58.5336
-34.1611,-19.0161,58.2866
-34.1738,-18.5441,58.3146
-34.1998,-18.0711,58.3716
-34.2406,-17.5981,58.4616
-34.2632,-17.1251,58.5106
-34.3812,-16.6511,58.7706
-34.4762,-16.1761,58.9796
-34.3693,-15.7061,58.7446
-34.3299,-15.2351,58.6576
-34.3121,-14.7631,58.6186
-34.4403,-14.2891,58.9006
-34.3028,-13.8181,58.5976
-34.2901,-13.3451,58.5706
-34.2235,-12.8711,58.4236
-34.2832,-12.4001,58.5546
-34.4663,-11.9241,58.9576
-34.3691,-11.4501,58.7436
-34.3924,-10.9801,58.7956
-34.4998,-10.5061,59.0316
-34.442,-10.0351,58.9046
-34.2927,-9.5641,58.5756
-34.7407,-9.0851,59.5606
-33.505,-19.9551,58.6706
-33.4116,-19.4831,58.4656
-33.4754,-19.0141,58.6056
-33.6058,-18.5401,58.8916
-33.5422,-18.0691,58.7526
-33.5304,-17.5961,58.7266
-33.5711,-17.1231,58.8156
-33.5428,-16.6511,58.7536
-33.545,-16.1771,58.7586
-33.5886,-15.7051,58.8546
-33.5618,-15.2341,58.7956
-33.5505,-14.7621,58.7706
-33.572,-14.2891,58.8176
-33.5136,-13.8181,58.6896
-33.5013,-13.3441,58.6626
-33.3199,-12.8721,58.2636
-33.5828,-12.3981,58.8416
-33.3863,-11.9281,58.4096
-33.6128,-11.4491,58.9076
-33.5785,-10.9801,58.8316
-33.7274,-10.5051,59.1596
-33.566,-10.0351,58.8046
-33.623,-9.5621,58.9296
-33.465,-9.0921,58.5826
-32.8103,-19.9531,58.9936
-32.8099,-19.4791,58.9926
-32.7537,-19.0121,58.8686
-32.7887,-18.5401,58.9456
-32.846,-18.0671,59.0716
-32.8376,-17.5941,59.0536
-32.7843,-17.1221,58.9366
-32.7204,-16.6501,58.7956
-32.722,-16.1771,58.7996
-32.9558,-15.7021,59.3136
-32.7617,-15.2331,58.8866
-32.7305,-14.7621,58.8186
-32.7661,-14.2891,58.8966
-32.6624,-13.8181,58.6686
-32.7815,-13.3431,58.9296
-32.6037,-12.8701,58.5386
-32.5855,-12.4001,58.4996
-32.5295,-11.9281,58.3756
-32.4807,-11.4531,58.2686
-32.5636,-10.9831,58.4506
-32.4992,-10.5111,58.3096
-32.559,-10.0381,58.4406
-32.624,-9.5641,58.5836
-32.5627,-9.0931,58.4486
-32.4173,-8.6231,58.1296
-32.0451,-19.4781,59.1376
-32.1731,-19.0081,59.4186
-32.2561,-18.5351,59.6016
-32.2602,-18.0631,59.6106
-32.2583,-17.5901,59.6066
-32.2356,-17.1181,59.5556
-32.1104,-16.6471,59.2816
-32.0725,-16.1741,59.1976
-32.0451,-15.7031,59.1376
-32.172,-15.2301,59.4166
-31.9682,-14.7611,58.9686
-31.9746,-14.2881,58.9826
-31.9207,-13.8161,58.8636
-31.9337,-13.3431,58.8926
-31.8206,-12.8701,58.6436
-31.7489,-12.4001,58.4856
-31.6624,-11.9291,58.2956
-31.7804,-11.4511,58.5556
-31.7227,-10.9831,58.4286
-31.8302,-10.5091,58.6646
-31.6797,-10.0391,58.3336
-31.7254,-9.5651,58.4346
-31.7222,-9.0931,58.4276
-31.6247,-8.6231,58.2126
-31.6934,-8.1491,58.3636
-31.3147,-19.0081,59.3816
-31.6267,-18.5321,60.0676
-31.4586,-18.0621,59.6986
-31.4623,-17.5891,59.7066
-31.4225,-17.1171,59.6186
-31.3962,-16.6451,59.5616
-31.3034,-16.1731,59.3566
-31.3147,-15.7011,59.3816
-31.3017,-15.2301,59.3536
-31.2282,-14.7591,59.1916
-31.2111,-14.2871,59.1546
-31.0579,-13.8171,58.8176
-30.9925,-13.3441,58.6736
-30.96,-12.8701,58.6016
-31.0822,-12.3981,58.8706
-30.9501,-11.9271,58.5806
-30.9525,-11.4511,58.5856
-30.9242,-10.9821,58.5236
-30.8643,-10.5111,58.3916
-30.6867,-10.0411,58.0016
-30.7531,-9.5671,58.1476
-30.7435,-9.0951,58.1266
-30.7407,-8.6231,58.1196
-30.8113,-8.1501,58.2756
-30.7008,-7.6791,58.0326
-30.9465,-18.0571,60.3986
-30.9348,-17.5851,60.3726
-31.0556,-17.1101,60.6386
-30.6988,-16.6431,59.8546
-30.7569,-16.1691,59.9816
-30.7587,-15.6971,59.9856
-30.5554,-15.2291,59.5386
-30.5779,-14.7561,59.5886
-30.3241,-14.2881,59.0296
-30.3189,-13.8151,59.0186
-30.2098,-13.3441,58.7776
-30.1984,-12.8691,58.7526
-30.1995,-12.3981,58.7556
-30.0373,-11.9281,58.3976
-30.1781,-11.4501,58.7076
-30.184,-10.9811,58.7216
-29.9336,-10.5121,58.1696
-29.9122,-10.0401,58.1226
-29.9168,-9.5671,58.1326
-29.6015,-9.1001,57.4396
-29.7305,-8.6261,57.7236
-29.8201,-8.1521,57.9206
-29.8101,-7.6801,57.8986
-29.4137,-7.2121,57.0266
-29.8633,-17.1161,59.8676
-29.9295,-16.6421,60.0126
-29.6956,-16.1721,59.4916
-29.6905,-15.7011,59.4806
-29.8037,-15.2281,59.7346
-29.5884,-14.7591,59.2516
-29.5005,-14.2881,59.0546
-29.5273,-13.8151,59.1146
-29.4707,-13.3421,58.9886
-29.3942,-12.8691,58.8166
-29.4065,-12.3981,58.8446
-29.2869,-11.9271,58.5766
-29.3755,-11.4501,58.7756
-29.0813,-10.9851,58.1226
-29.2351,-10.5101,58.4606
-28.8708,-10.0431,57.6596
-28.9824,-9.5691,57.9046
-28.9576,-9.0971,57.8506
-28.9755,-8.6251,57.8896
-29.0534,-8.1511,58.0606
-28.7365,-7.6831,57.3646
-28.6913,-7.2101,57.2646
-28.5904,-6.7411,57.0426
-29.3981,-16.1641,60.6716
-29.1423,-15.6961,60.1086
-28.9482,-15.2281,59.6816
-28.9198,-14.7561,59.6186
-28.9597,-14.2831,59.7066
-28.6583,-13.8151,59.0436
-28.7188,-13.3411,59.1766
-28.6046,-12.8681,58.9246
-28.5418,-12.3981,58.7866
-28.6291,-11.9241,58.9786
-28.6438,-11.4481,59.0116
-28.3177,-10.9841,58.2936
-28.3493,-10.5111,58.3636
-28.2262,-10.0401,58.0926
-28.1762,-9.5691,57.9826
-28.1828,-9.0961,57.9976
-28.1186,-8.6251,57.8556
-28.1112,-8.1531,57.8396
-27.9247,-7.6831,57.4296
-27.9163,-7.2091,57.4116
-27.6068,-6.7431,56.7306
-27.8599,-6.2671,57.2876
-28.1176,-15.2281,59.6936
-27.8571,-14.7601,59.1106
-28.0849,-14.2841,59.6206
-28.0877,-13.8111,59.6266
-27.8941,-13.3411,59.1936
-27.7907,-12.8681,58.9626
-27.8039,-12.3971,58.9916
-27.6317,-11.9271,58.6116
-27.7007,-11.4501,58.7636
-27.6268,-10.9821,58.6016
-27.5321,-10.5111,58.3926
-27.3449,-10.0411,57.9816
-27.3919,-9.5681,58.0846
-27.3585,-9.0961,58.0116
-27.3237,-8.6241,57.9346
-27.36,-8.1521,58.0146
-27.2528,-7.6801,57.7786
-26.7404,-7.2141,56.6526
-26.8536,-6.7421,56.9016
-26.7887,-6.2711,56.7586
-27.1389,-5.7931,57.5286
-27.3113,-13.8101,59.7576
-27.0277,-13.3411,59.1346
-27.0255,-12.8661,59.1296
-26.981,-12.3961,59.0316
-26.8139,-11.9261,58.6646
-26.8324,-11.4501,58.7046
-26.7094,-10.9831,58.4346
-26.7224,-10.5101,58.4636
-26.6326,-10.0391,58.2656
-26.6261,-9.5671,58.2516
-26.4397,-9.0971,57.8416
-26.4484,-8.6251,57.8606
-26.3512,-8.1541,57.6466
-26.1225,-7.6851,57.1436
-26.1187,-7.2111,57.1356
-25.888,-6.7441,56.6286
-26.0449,-6.2691,56.9736
-25.7691,-5.8011,56.3666
-26.867,-13.3311,60.6286
-26.2857,-12.8651,59.3296
-26.259,-12.3951,59.2706
-26.0627,-11.9251,58.8386
-26.1367,-11.4481,59.0016
-25.7636,-10.9841,58.1816
-25.9555,-10.5091,58.6036
-25.9079,-10.0371,58.4986
-25.7088,-9.5681,58.0606
-25.7195,-9.0961,58.0846
-25.5785,-8.6261,57.7746
-25.4586,-8.1551,57.5106
-25.2257,-7.6861,56.9986
-25.1306,-7.2131,56.7896
-25.0307,-6.7441,56.5706
-25.2079,-6.2691,56.9596
-24.8117,-5.8031,56.0886
-24.7875,-5.3311,56.0356
-0.7799,4.2299,3.8786
-0.7249,4.7009,3.7566
-25.3015,-12.3971,59.0156
-25.2609,-11.9251,58.9266
-25.0413,-11.4521,58.4436
-25.2369,-10.9801,58.8736
-25.1344,-10.5091,58.6486
-25.0195,-10.0381,58.3956
-24.9641,-9.5661,58.2746
-24.9664,-9.0941,58.2796
-24.8699,-8.6241,58.0666
-24.7401,-8.1531,57.7816
-24.5998,-7.6831,57.4726
-24.4775,-7.2111,57.2046
-24.3269,-6.7421,56.8726
-24.0605,-6.2741,56.2776
-24.0163,-5.8021,56.1786
-23.7821,-5.3341,55.6546
-23.7596,-4.8611,55.6046
-23.6876,-4.3901,55.4436
-23.0446,-3.9281,54.0276
0.2051,3.7559,3.6336
-0.0539,4.2319,4.2156
-0.1869,4.7069,4.5146
-0.7149,5.1869,5.6906
-24.2873,-10.9811,58.6126
-24.2712,-10.5101,58.5766
-24.2865,-10.0371,58.6106
-24.1862,-9.5661,58.3906
-24.0117,-9.0961,58.0066
-24.1138,-8.6221,58.2306
-23.9547,-8.1531,57.8816
-23.8482,-7.6811,57.6466
-23.3753,-7.2151,56.6066
-23.3474,-6.7441,56.5456
-23.1897,-6.2751,56.1986
-22.9948,-5.8051,55.7706
-22.9571,-5.3331,55.6876
-22.8418,-4.8631,55.4336
-22.4896,-4.3951,54.6586
-22.585,-3.9221,54.8686
0.7351,3.2889,4.4256
0.1051,3.7709,5.8286
-0.9378,4.2599,8.1586
-0.3249,4.7229,6.7806
-0.7109,5.2009,7.6496
-23.2667,-10.5121,58.2096
-23.527,-10.0351,58.7916
-23.4675,-9.5641,58.6586
-23.4394,-9.0921,58.5956
-23.5809,-8.6181,58.9096
-23.1477,-8.1521,57.9436
-22.9142,-7.6831,57.4216
-22.8756,-7.2101,57.3346
-22.5473,-6.7441,56.6126
-22.2949,-6.2761,56.0566
-22.2327,-5.8041,55.9196
-22.1617,-5.3331,55.7636
-22.0373,-4.8621,55.4896
-21.6892,-4.3951,54.7246
-21.6161,-3.9241,54.5636
-21.2923,-3.4561,53.8516
0.1231,3.3119,7.7556
0.4681,3.7789,6.9816
-0.7759,4.2709,9.7576
-0.2139,4.7349,8.5146
-0.0699,5.2039,8.1896
-22.7847,-9.5621,58.9856
-22.7847,-9.0891,58.9856
-22.6426,-8.6191,58.6736
-22.5893,-8.1481,58.5556
-22.1452,-7.6821,57.5796
-22.0167,-7.2101,57.2966
-21.6452,-6.7451,56.4786
-21.5023,-6.2751,56.1636
-21.4224,-5.8031,55.9886
-21.1826,-5.3351,55.4606
-21.1409,-4.8631,55.3696
-20.8835,-4.3941,54.8036
-20.7789,-3.9241,54.5706
-20.5341,-3.4551,54.0226
-20.259,-2.9871,53.4076
0.8691,3.7869,8.0606
0.2611,4.2689,9.4186
1.2611,4.7249,7.1826
-21.7376,-8.1481,58.5206
-21.1721,-7.6841,57.2646
-21.0706,-7.2121,57.0416
-20.8013,-6.7451,56.4496
-20.5589,-6.2771,55.9166
-20.5415,-5.8041,55.8776
-20.4296,-5.3341,55.6316
-20.1418,-4.8661,54.9996
-19.918,-4.3971,54.5066
-19.8221,-3.9261,54.2966
-19.529,-3.4581,53.6516
-19.4757,-2.9861,53.5346
-19.1427,-2.5201,52.8026
-1.5274,3.8379,15.3766
-0.8259,4.2989,13.8016
-20.2529,-6.7411,57.0936
-20.0509,-6.2711,56.6496
-19.7312,-5.8041,55.9466
-19.6471,-5.3331,55.7616
-19.4115,-4.8641,55.2436
-19.0798,-4.3971,54.5016
-18.7813,-3.9291,53.8346
-18.7813,-3.4561,53.8346
-18.4862,-2.9891,53.1856
-18.3977,-2.5181,52.9906
-17.8221,-2.0551,51.7256
-1.1095,3.8449,16.4076
-18.6904,-5.3351,55.4846
-18.4163,-4.8671,54.8826
-18.3707,-4.3951,54.7816
-18.051,-3.9271,54.0786
-18.051,-3.4551,54.0786
-18.051,-2.9821,54.0786
-17.4115,-2.5211,52.6726
-17.0754,-2.0531,51.9206
-16.0476,-2.0561,51.4986
-16.0476,-1.5841,51.4986
-14.3674,-1.5971,49.6306
-13.4082,-1.1361,47.5216
-13.9567,-1.5901,50.5776
-13.0069,-1.1291,48.4656
-12.5962,-1.1231,49.4126
