-44.4818,-8.5872,81.6837
-44.4528,-8.1172,81.7347
-44.4818,-7.6462,81.6837
-44.1128,-7.1752,82.3307
-44.0898,-6.7072,82.3717
-44.4818,-6.2372,81.6837
-43.7718,-9.0582,81.4697
-43.8098,-8.5872,81.3977
-43.6958,-8.1172,81.6017
-43.5078,-7.6462,81.9277
-43.3058,-7.1752,82.2767
-43.2648,-6.7072,82.3467
-43.0888,-6.2372,82.6517
-43.2618,-5.7672,82.3517
-43.3318,-5.2972,82.2317
-43.4248,-4.8272,82.0707
-42.5828,-4.3562,83.5287
-43.7678,-9.5292,79.8307
-43.0378,-9.0582,81.2367
-42.8868,-8.5872,81.5047
-42.9248,-8.1172,81.4377
-42.4848,-7.6462,82.2217
-42.4028,-7.1752,82.3677
-42.3588,-6.7072,82.4457
-42.2748,-6.2372,82.5947
-42.0998,-5.7672,82.8987
-42.3578,-5.2972,82.4477
-42.1838,-4.8272,82.7527
-41.5798,-4.3562,83.7987
-41.1048,-3.8862,84.6297
-41.4698,-3.4152,83.9877
-41.0788,-2.9442,84.6757
-41.0088,-2.4732,84.7967
-41.0788,-2.0042,84.6757
-42.6268,-10.0002,80.3397
-42.3068,-9.5292,80.9527
-42.0418,-9.0582,81.4557
-41.9458,-8.5872,81.6387
-41.8198,-8.1172,81.8767
-41.5908,-7.6462,82.3097
-41.4738,-7.1752,82.5227
-41.4048,-6.7072,82.6447
-41.4498,-6.2372,82.5637
-41.2088,-5.7672,82.9877
-41.2068,-5.2972,82.9917
-41.0998,-4.8272,83.1777
-40.8638,-4.3562,83.5917
-40.7098,-3.8862,83.8627
-40.4508,-3.4152,84.3097
-40.2968,-2.9442,84.5767
-40.2608,-2.4732,84.6387
-40.3478,-2.0042,84.4877
-40.0768,-1.5332,84.9567
-41.8398,-10.4742,80.1847
-41.2878,-10.0002,81.2467
-41.2788,-9.5292,81.2637
-41.1898,-9.0582,81.4347
-40.8878,-8.5872,82.0157
-40.7848,-8.1172,82.2097
-40.6558,-7.6462,82.4437
-40.4538,-7.1752,82.8107
-40.3958,-6.7072,82.9157
-40.3178,-6.2372,83.0567
-40.0788,-5.7672,83.4897
-40.0418,-5.2972,83.5567
-39.9648,-4.8272,83.6907
-39.7148,-4.3562,84.1217
-39.8508,-3.8862,83.8867
-39.6328,-3.4152,84.2647
-39.3818,-2.9442,84.6977
-39.2878,-2.4732,84.8607
-39.5458,-2.0042,84.4147
-39.5128,-1.5332,84.4717
-39.6888,-1.0632,84.1667
-40.7838,-11.4162,80.5297
-40.5158,-10.9452,81.0437
-40.7068,-10.4742,80.6767
-40.5108,-10.0002,81.0527
-40.1508,-9.5292,81.7437
-40.0738,-9.0582,81.8927
-39.9898,-8.5872,82.0527
-39.8408,-8.1172,82.3407
-39.6978,-7.6462,82.6157
-39.5998,-7.1752,82.8037
-39.4628,-6.7072,83.0677
-39.3008,-6.2372,83.3747
-39.2508,-5.7672,83.4627
-38.8908,-5.2972,84.0947
-39.0978,-4.8272,83.7307
-38.9088,-4.3562,84.0637
-38.9028,-3.8862,84.0737
-38.7678,-3.4152,84.3107
-38.7958,-2.9442,84.2617
-38.6638,-2.4732,84.4937
-38.8958,-2.0042,84.0867
-38.7848,-1.5332,84.2797
-38.8618,-1.0632,84.1457
-40.0398,-12.8302,80.2927
-39.6498,-12.3592,81.0417
-39.7148,-11.8882,80.9177
-39.6928,-11.4162,80.9607
-39.6078,-10.9452,81.1227
-39.6618,-10.4742,81.0207
-39.3308,-10.0002,81.6567
-39.1358,-9.5292,82.0317
-38.8648,-9.0582,82.5517
-39.1278,-8.5872,82.0467
-38.7768,-8.1172,82.7207
-38.8288,-7.6462,82.6217
-38.6128,-7.1752,83.0357
-38.4508,-6.7072,83.3347
-38.4438,-6.2372,83.3487
-38.1858,-5.7672,83.8227
-38.1138,-5.2972,83.9547
-38.0778,-4.8272,84.0207
-38.0438,-4.3562,84.0827
-38.0908,-3.8862,83.9977
-37.8878,-3.4152,84.3697
-38.0468,-2.9442,84.0787
-38.0658,-2.4732,84.0437
-37.9068,-2.0042,84.3357
-38.2988,-1.5332,83.6147
-37.9528,-1.0632,84.2517
-38.8808,-13.7722,80.8337
-38.6438,-13.3002,81.2897
-38.9128,-12.8302,80.7717
-38.5758,-12.3592,81.4197
-38.8338,-11.8882,80.9237
-38.8188,-11.4162,80.9517
-38.3348,-10.9452,81.8837
-38.5238,-10.4742,81.5187
-38.1948,-10.0002,82.1517
-38.1368,-9.5292,82.2637
-38.1668,-9.0582,82.2067
-38.1418,-8.5872,82.2547
-37.8528,-8.1172,82.8117
-37.8508,-7.6462,82.8147
-37.7308,-7.1752,83.0487
-37.5268,-6.7072,83.4467
-37.6138,-6.2372,83.2767
-37.3308,-5.7672,83.8277
-37.1558,-5.2972,84.1697
-37.3238,-4.8272,83.8407
-37.3058,-4.3562,83.8767
-37.2538,-3.8862,83.9787
-37.1958,-3.4152,84.0917
-37.1608,-2.9442,84.1577
-37.1228,-2.4732,84.2327
-37.3018,-2.0042,83.8837
-37.6088,-1.5332,83.2847
-37.4338,-1.0632,83.6267
-37.5178,-0.5922,83.4627
-37.4468,-14.7122,81.9237
-37.8118,-14.2422,81.2217
-37.8888,-13.7722,81.0737
-37.7588,-13.3002,81.3247
-37.7698,-12.8302,81.3027
-37.5358,-12.3592,81.7537
-37.7078,-11.8882,81.4217
-37.2298,-11.4162,82.3417
-37.2038,-10.9452,82.3927
-37.3968,-10.4742,82.0217
-37.1248,-10.0002,82.5427
-37.2558,-9.5292,82.2917
-37.1228,-9.0582,82.5477
-36.9988,-8.5872,82.7857
-36.9918,-8.1172,82.7987
-36.8488,-7.6462,83.0737
-36.7498,-7.1752,83.2637
-36.6468,-6.7072,83.4617
-36.5468,-6.2372,83.6527
-36.3828,-5.7672,83.9687
-36.2258,-5.2972,84.2627
-36.4158,-4.8272,83.9047
-36.3478,-4.3562,84.0347
-36.1988,-3.8862,84.3127
-36.3468,-3.4152,84.0377
-36.3548,-2.9442,84.0227
-36.3378,-2.4732,84.0527
-36.5578,-2.0042,83.6327
-36.8998,-1.5332,82.9757
-36.7548,-1.0632,83.2537
-36.7178,-0.5922,83.3247
-36.7178,-15.6542,81.6367
-36.6288,-15.1842,81.8077
-36.8328,-14.7122,81.4157
-36.7728,-14.2422,81.5317
-36.6868,-13.7722,81.6967
-36.6678,-13.3002,81.7347
-36.6688,-12.8302,81.7317
-36.5718,-12.3592,81.9187
-36.3968,-11.8882,82.2547
-36.3288,-11.4162,82.3867
-36.2608,-10.9452,82.5177
-36.2648,-10.4742,82.5117
-36.1908,-10.0002,82.6557
-36.2218,-9.5292,82.5957
-36.1788,-9.0582,82.6787
-36.1838,-8.5872,82.6687
-36.1588,-8.1172,82.7177
-36.0218,-7.6462,82.9857
-35.9388,-7.1752,83.1477
-35.6648,-6.7072,83.6827
-35.6608,-6.2372,83.6897
-35.6378,-5.7672,83.7357
-35.5758,-5.2972,83.8547
-35.6178,-4.8272,83.7757
-35.7098,-4.3562,83.5947
-35.5518,-3.8862,83.9017
-35.5548,-3.4152,83.8967
-35.6298,-2.9442,83.7507
-35.6858,-2.4732,83.6407
-35.8308,-2.0042,83.3587
-35.9608,-1.5332,83.1057
-35.8958,-0.5922,83.2317
-35.6698,-15.6542,81.9867
-35.6718,-15.1842,81.9827
-35.6588,-14.7122,82.0077
-35.6808,-14.2422,81.9647
-35.6458,-13.7722,82.0317
-35.5738,-13.3002,82.1707
-35.5338,-12.8302,82.2477
-35.5058,-12.3592,82.3027
-35.4918,-11.8882,82.3277
-35.3728,-11.4162,82.5577
-35.2548,-10.9452,82.7837
-35.3868,-10.4742,82.5307
-35.0948,-10.0002,83.0917
-35.3158,-9.5292,82.6667
-35.3168,-9.0582,82.6647
-35.3758,-8.5872,82.5517
-35.2148,-8.1172,82.8607
-35.2288,-7.6462,82.8347
-35.1458,-7.1752,82.9937
-34.8708,-6.7072,83.5227
-34.9958,-6.2372,83.2827
-34.8928,-5.7672,83.4817
-34.6618,-5.2972,83.9257
-34.8448,-4.8272,83.5727
-34.7248,-4.3562,83.8047
-34.9878,-3.8862,83.2987
-34.8538,-3.4152,83.5557
-34.9368,-2.9442,83.3957
-35.1358,-2.4732,83.0127
-35.2648,-2.0042,82.7647
-35.1938,-1.5332,82.9017
-34.8308,-16.1242,81.9097
-34.8588,-15.6542,81.8577
-34.7808,-15.1842,82.0077
-34.8048,-14.7122,81.9607
-34.7998,-14.2422,81.9707
-34.7028,-13.7722,82.1567
-34.6908,-13.3002,82.1807
-34.6538,-12.8302,82.2507
-34.6668,-12.3592,82.2257
-34.5618,-11.8882,82.4277
-34.4268,-11.4162,82.6877
-34.3858,-10.9452,82.7667
-34.2338,-10.4742,83.0597
-34.3508,-10.0002,82.8347
-34.3558,-9.5292,82.8237
-34.2208,-9.0582,83.0837
-34.3928,-8.5872,82.7537
-34.5688,-8.1172,82.4157
-34.3038,-7.6462,82.9247
-34.4038,-7.1752,82.7317
-34.1618,-6.7072,83.1977
-34.0868,-6.2372,83.3427
-34.1548,-5.7672,83.2107
-33.8808,-5.2972,83.7447
-34.1058,-4.8272,83.3067
-34.0458,-4.3562,83.4227
-34.0678,-3.8862,83.3787
-34.1558,-3.4152,83.2087
-34.4468,-2.9442,82.6497
-34.6668,-2.4732,82.2267
-34.5358,-2.0042,82.4787
-34.4418,-1.5332,82.6597
-33.7468,-16.1242,82.3297
-34.1148,-15.6542,81.6197
-33.7128,-15.1842,82.3937
-33.8188,-14.7122,82.1907
-33.7608,-14.2422,82.3007
-33.8778,-13.7722,82.0777
-33.6718,-13.3002,82.4727
-33.4408,-12.8302,82.9187
-33.6228,-12.3592,82.5667
-33.6208,-11.8882,82.5717
-33.5958,-11.4162,82.6187
-33.5718,-10.9452,82.6647
-33.4028,-10.4742,82.9907
-33.5378,-10.0002,82.7307
-33.4188,-9.5292,82.9597
-33.5558,-9.0582,82.6957
-33.3918,-8.5872,83.0117
-33.6338,-8.1172,82.5467
-33.3568,-7.6462,83.0787
-33.5358,-7.1752,82.7337
-33.4698,-6.7072,82.8617
-33.3888,-6.2372,83.0177
-33.3568,-5.7672,83.0787
-33.2808,-5.2972,83.2247
-33.3418,-4.8272,83.1087
-33.3698,-4.3562,83.0547
-33.3208,-3.8862,83.1487
-33.5768,-3.4152,82.6547
-33.6938,-2.9442,82.4297
-33.7738,-2.4732,82.2757
-33.7218,-2.0042,82.3757
-33.1988,-16.1242,81.6967
-33.0928,-15.6542,81.8987
-32.8258,-15.1842,82.4117
-33.0158,-14.7122,82.0467
-32.9738,-14.2422,82.1277
-32.8508,-13.7722,82.3647
-32.7218,-13.3002,82.6117
-32.7288,-12.8302,82.5977
-32.6708,-12.3592,82.7087
-32.7338,-11.8882,82.5877
-32.5528,-11.4162,82.9377
-32.6798,-10.9452,82.6917
-32.5538,-10.4742,82.9357
-32.4478,-10.0002,83.1437
-32.4938,-9.5292,83.0527
-32.7578,-9.0582,82.5427
-32.8118,-8.5872,82.4387
-32.7738,-8.1172,82.5127
-32.7488,-7.6462,82.5597
-32.7738,-7.1752,82.5117
-32.6268,-6.7072,82.7947
-32.5618,-6.2372,82.9207
-32.5448,-5.7672,82.9527
-32.5898,-5.2972,82.8657
-32.7658,-4.8272,82.5277
-32.7178,-4.3562,82.6187
-32.7268,-3.8862,82.6017
-32.8898,-3.4152,82.2897
-32.9438,-2.9442,82.1857
-33.0188,-2.4732,82.0407
-33.0128,-2.0042,82.0537
-31.8308,-16.5942,82.6597
-31.9638,-16.1242,82.4047
-32.3068,-15.6542,81.7457
-31.9698,-15.1842,82.3937
-31.9398,-14.7122,82.4507
-31.9638,-14.2422,82.4047
-31.8768,-13.7722,82.5727
-32.0448,-13.3002,82.2497
-31.8358,-12.8302,82.6517
-31.7498,-12.3592,82.8147
-31.7058,-11.8882,82.8997
-31.7748,-11.4162,82.7677
-31.8808,-10.9452,82.5647
-31.8078,-10.4742,82.7037
-31.9288,-10.0002,82.4717
-31.8698,-9.5292,82.5847
-31.8228,-9.0582,82.6767
-32.0308,-8.5872,82.2757
-31.8088,-8.1172,82.7027
-31.8198,-7.6462,82.6817
-31.8978,-7.1752,82.5317
-31.9838,-6.7072,82.3667
-31.7948,-6.2372,82.7287
-31.8268,-5.7672,82.6677
-31.8688,-5.2972,82.5877
-32.0428,-4.8272,82.2517
-32.0048,-4.3562,82.3257
-31.9398,-3.8862,82.4507
-32.1968,-3.4152,81.9577
-32.4928,-2.9442,81.3867
-32.6168,-2.4732,81.1477
-31.1678,-16.5942,82.2467
-31.1188,-16.1242,82.3417
-31.2698,-15.6542,82.0507
-31.2638,-15.1842,82.0627
-31.3118,-14.7122,81.9697
-31.0598,-14.2422,82.4547
-31.1438,-13.7722,82.2927
-31.1258,-13.3002,82.3267
-30.9478,-12.8302,82.6697
-31.0608,-12.3592,82.4517
-31.0758,-11.8882,82.4227
-30.8968,-11.4162,82.7677
-31.1888,-10.9452,82.2067
-31.0968,-10.4742,82.3827
-31.1928,-10.0002,82.1987
-31.0748,-9.5292,82.4257
-30.9348,-9.0582,82.6937
-31.0648,-8.5872,82.4447
-30.9288,-8.1172,82.7067
-31.0798,-7.6462,82.4167
-31.0958,-7.1752,82.3857
-31.2368,-6.7072,82.1147
-31.1398,-6.2372,82.2997
-31.0508,-5.7672,82.4727
-31.1508,-5.2972,82.2807
-31.2978,-4.8272,81.9957
-31.2998,-4.3562,81.9927
-31.2268,-3.8862,82.1337
-31.6248,-3.4152,81.3677
-31.5028,-2.9442,81.6027
-31.8608,-2.4732,80.9137
-30.1518,-16.5942,82.5337
-30.3248,-16.1242,82.2007
-30.2388,-15.6542,82.3667
-30.3378,-15.1842,82.1757
-30.1658,-14.7122,82.5077
-30.5528,-14.2422,81.7627
-30.4828,-13.7722,81.8967
-30.3358,-13.3002,82.1807
-30.3218,-12.8302,82.2077
-30.3238,-12.3592,82.2037
-30.2238,-11.8882,82.3957
-30.2368,-11.4162,82.3707
-30.3588,-10.9452,82.1347
-30.3308,-10.4742,82.1907
-30.2078,-10.0002,82.4257
-30.4818,-9.5292,81.8987
-30.2018,-9.0582,82.4377
-30.2828,-8.5872,82.2827
-30.3438,-8.1172,82.1657
-30.3668,-7.6462,82.1197
-30.3518,-7.1752,82.1497
-30.5558,-6.7072,81.7567
-30.3548,-6.2372,82.1447
-30.3398,-5.7672,82.1717
-30.3408,-5.2972,82.1707
-30.5718,-4.8272,81.7247
-30.4818,-4.3562,81.8987
-30.4768,-3.8862,81.9097
-30.7858,-3.4152,81.3147
-30.7948,-2.9442,81.2967
-30.9928,-2.4732,80.9167
-29.5958,-16.5942,81.9137
-29.5298,-16.1242,82.0417
-29.6208,-15.6542,81.8657
-29.7488,-15.1842,81.6197
-29.4598,-14.7122,82.1757
-29.6358,-14.2422,81.8367
-29.6498,-13.7722,81.8097
-29.6328,-13.3002,81.8427
-29.4648,-12.8302,82.1657
-29.5528,-12.3592,81.9977
-29.5498,-11.8882,82.0027
-29.5388,-11.4162,82.0237
-29.7858,-10.9452,81.5497
-29.6968,-10.4742,81.7207
-29.5218,-10.0002,82.0577
-29.5838,-9.5292,81.9367
-29.5568,-9.0582,81.9897
-29.5258,-8.5872,82.0497
-29.5188,-8.1172,82.0617
-29.4308,-7.6462,82.2307
-29.4718,-7.1752,82.1527
-29.6458,-6.7072,81.8177
-29.6058,-6.2372,81.8947
-29.6888,-5.7672,81.7357
-29.6018,-5.2972,81.9037
-29.8578,-4.8272,81.4107
-29.9188,-4.3562,81.2927
-30.1938,-3.8862,80.7637
-30.5188,-3.4152,80.1407
-30.2858,-2.9442,80.5867
-30.3118,-2.4732,80.5377
-28.8788,-16.5942,81.6247
-28.9168,-16.1242,81.5517
-28.8858,-15.6542,81.6127
-29.1668,-15.1842,81.0637
-29.0888,-14.7122,81.2157
-29.0648,-14.2422,81.2637
-29.0728,-13.7722,81.2467
-28.9328,-13.3002,81.5207
-29.0738,-12.8302,81.2457
-28.9458,-12.3592,81.4957
-29.0008,-11.8882,81.3877
-28.8618,-11.4162,81.6587
-29.0348,-10.9452,81.3207
-28.9118,-10.4742,81.5607
-28.8348,-10.0002,81.7107
-28.9898,-9.5292,81.4097
-28.9088,-9.0582,81.5667
-28.8228,-8.5872,81.7327
-28.8058,-8.1172,81.7667
-28.9868,-7.6462,81.4147
-28.8948,-7.1752,81.5947
-28.9158,-6.7072,81.5537
-29.0988,-6.2372,81.1957
-28.9718,-5.7672,81.4447
-29.0578,-5.2972,81.2777
-29.0788,-4.8272,81.2357
-29.1408,-4.3562,81.1137
-29.2528,-3.8862,80.8967
-29.2338,-3.4152,80.9337
-29.5628,-2.9442,80.2917
-29.6528,-2.4732,80.1187
-29.5798,-2.0042,80.2587
-28.1058,-16.5942,81.4277
-28.1638,-16.1242,81.3157
-28.2268,-15.6542,81.1937
-28.3258,-15.1842,81.0037
-28.4428,-14.7122,80.7787
-28.3978,-14.2422,80.8657
-28.4478,-13.7722,80.7697
-28.5948,-13.3002,80.4867
-28.2878,-12.8302,81.0757
-28.3198,-12.3592,81.0157
-28.3278,-11.8882,81.0007
-28.1788,-11.4162,81.2867
-28.2908,-10.9452,81.0717
-28.2268,-10.4742,81.1947
-28.2998,-10.0002,81.0537
-28.3138,-9.5292,81.0277
-28.3838,-9.0582,80.8917
-28.1238,-8.5872,81.3927
-28.1058,-8.1172,81.4277
-28.0598,-7.6462,81.5157
-28.1218,-7.1752,81.3957
-28.2968,-6.7072,81.0597
-28.3588,-6.2372,80.9407
-28.1688,-5.7672,81.3057
-28.3278,-5.2972,81.0007
-28.4218,-4.8272,80.8197
-28.4908,-4.3562,80.6867
-28.7098,-3.8862,80.2647
-28.5768,-3.4152,80.5207
-28.6018,-2.9442,80.4727
-28.8128,-2.4732,80.0677
-29.2258,-2.0042,79.2727
-29.8678,-1.0632,78.0377
-27.7678,-15.6542,80.3987
-28.0618,-15.1842,79.8237
-27.7478,-14.7122,80.4367
-27.6278,-14.2422,80.6707
-28.1048,-13.7722,79.7387
-28.0198,-13.3002,79.9047
-27.9478,-12.8302,80.0467
-27.9808,-12.3592,79.9807
-27.8818,-11.8882,80.1737
-27.6378,-11.4162,80.6507
-27.7108,-10.9452,80.5097
-27.4758,-10.4742,80.9677
-27.6728,-10.0002,80.5837
-27.5478,-9.5292,80.8267
-27.5788,-9.0582,80.7667
-27.5198,-8.5872,80.8807
-27.4368,-8.1172,81.0447
-27.6088,-7.6462,80.7087
-27.5388,-7.1752,80.8437
-27.6368,-6.7072,80.6527
-27.6608,-6.2372,80.6057
-27.4528,-5.7672,81.0127
-27.7838,-5.2972,80.3667
-27.8028,-4.8272,80.3297
-27.8398,-4.3562,80.2557
-28.0188,-3.8862,79.9067
-28.0478,-3.4152,79.8497
-28.3008,-2.9442,79.3637
-28.4108,-2.4732,79.1507
-28.7528,-2.0042,78.4937
-28.8358,-1.5332,78.3337
-28.8778,-1.0632,78.2527
-27.6748,-13.7722,78.8997
-27.7048,-13.3002,78.8427
-27.7408,-12.8302,78.7727
-27.3558,-12.3592,79.5127
-27.2618,-11.8882,79.6937
-27.1188,-11.4162,79.9687
-27.0718,-10.9452,80.0607
-26.9488,-10.4742,80.2967
-27.0168,-10.0002,80.1647
-26.8398,-9.5292,80.5057
-26.9158,-9.0582,80.3587
-26.9188,-8.5872,80.3527
-26.7118,-8.1172,80.7517
-26.8498,-7.6462,80.4857
-26.7318,-7.1752,80.7137
-26.8648,-6.7072,80.4577
-27.0748,-6.2372,80.0537
-26.8448,-5.7672,80.4967
-26.9138,-5.2972,80.3637
-27.0368,-4.8272,80.1257
-27.2008,-4.3562,79.8107
-27.1198,-3.8862,79.9667
-27.2608,-3.4152,79.6947
-27.4238,-2.9442,79.3837
-27.6658,-2.4732,78.9177
-28.0448,-2.0042,78.1867
-27.9858,-1.5332,78.3007
-28.0848,-1.0632,78.1107
-28.3718,-0.5922,77.5507
-27.0758,-13.7722,78.3637
-27.4558,-13.3002,77.6337
-27.2708,-12.8302,77.9897
-27.1038,-12.3592,78.3117
-26.9338,-11.8882,78.6377
-26.5808,-11.4162,79.3147
-26.5028,-10.9452,79.4647
-26.4178,-10.4742,79.6287
-26.3758,-10.0002,79.7087
-26.3768,-9.5292,79.7067
-26.1858,-9.0582,80.0757
-26.1878,-8.5872,80.0707
-26.1268,-8.1172,80.1887
-26.1638,-7.6462,80.1167
-26.1448,-7.1752,80.1537
-26.1398,-6.7072,80.1627
-26.1868,-6.2372,80.0737
-26.2278,-5.7672,79.9947
-26.1998,-5.2972,80.0487
-26.3398,-4.8272,79.7777
-26.4228,-4.3562,79.6187
-26.5478,-3.8862,79.3797
-26.8408,-3.4152,78.8157
-26.8058,-2.9442,78.8827
-27.0108,-2.4732,78.4897
-27.0288,-2.0042,78.4557
-27.2218,-1.5332,78.0837
-27.5858,-1.0632,77.3857
-27.9388,-0.5922,76.7047
-30.8418,4.5878,71.3977
-27.5968,-13.7722,75.6747
-27.4318,-13.3002,75.9917
-27.2278,-12.8302,76.3857
-26.7778,-12.3592,77.2647
-26.3018,-11.8882,78.1877
-26.1018,-11.4162,78.5727
-26.1218,-10.9452,78.5327
-25.8338,-10.4742,79.0877
-25.7398,-10.0002,79.2677
-25.6118,-9.5292,79.5137
-25.7238,-9.0582,79.2987
-25.6358,-8.5872,79.4667
-25.4838,-8.1172,79.7597
-25.4748,-7.6462,79.7767
-25.4498,-7.1752,79.8247
-25.4698,-6.7072,79.7867
-25.5698,-6.2372,79.5947
-25.6298,-5.7672,79.4787
-25.8278,-5.2972,79.0977
-25.8308,-4.8272,79.0927
-25.7638,-4.3562,79.2217
-26.0078,-3.8862,78.7527
-26.0418,-3.4152,78.6867
-26.3608,-2.9442,78.0747
-26.1888,-2.4732,78.4037
-26.7208,-2.0042,77.3767
-26.4628,-1.5332,77.8777
-26.7748,-1.0632,77.2707
-26.6718,-0.5922,77.4717
-26.9058,-0.1222,77.0157
-27.6558,0.8188,75.5617
-28.3988,1.7618,74.1497
-28.0208,2.2328,74.8587
-29.6628,4.1158,71.9007
-30.0278,4.5878,71.2657
-27.6948,-13.7722,73.8277
-27.4758,-13.3002,74.2447
-26.9258,-12.8302,75.2987
-26.6278,-12.3592,75.8717
-26.1778,-11.8882,76.7357
-25.8268,-11.4162,77.4117
-25.7558,-10.9452,77.5487
-25.1968,-10.4742,78.6247
-25.2938,-10.0002,78.4367
-25.2418,-9.5292,78.5377
-25.1478,-9.0582,78.7187
-25.0348,-8.5872,78.9357
-24.9058,-8.1172,79.1827
-24.9638,-7.6462,79.0707
-24.8518,-7.1752,79.2867
-24.8558,-6.7072,79.2777
-24.8568,-6.2372,79.2777
-25.0698,-5.7672,78.8677
-25.0468,-5.2972,78.9127
-25.1038,-4.8272,78.8027
-25.3538,-4.3562,78.3227
-25.3398,-3.8862,78.3487
-25.4288,-3.4152,78.1767
-25.6898,-2.9442,77.6757
-25.5728,-2.4732,77.9017
-25.8498,-2.0042,77.3677
-25.7678,-1.5332,77.5247
-26.0688,-1.0632,76.9477
-26.2578,-0.5922,76.5837
-26.2028,-0.1222,76.6887
-26.5468,0.3488,76.0277
-26.9578,0.8188,75.2367
-27.2768,1.2928,74.6217
-27.5968,1.7618,74.0127
-27.6328,2.2328,73.9457
-28.0238,2.7038,73.2007
-28.4878,4.1158,72.3937
-28.9098,4.5878,71.6607
-27.5078,-13.7722,72.5527
-26.9948,-13.3002,73.4897
-26.3268,-12.8302,74.7627
-26.0928,-12.3592,75.2127
-25.6008,-11.8882,76.1567
-25.3358,-11.4162,76.6667
-25.0758,-10.9452,77.1677
-24.8648,-10.4742,77.5797
-24.6738,-10.0002,77.9527
-24.6808,-9.5292,77.9387
-24.4658,-9.0582,78.3587
-24.4978,-8.5872,78.2957
-24.2688,-8.1172,78.7417
-24.3368,-7.6462,78.6107
-24.2838,-7.1752,78.7137
-24.3948,-6.7072,78.4967
-24.2858,-6.2372,78.7077
-24.3418,-5.7672,78.6017
-24.3778,-5.2972,78.5307
-24.4288,-4.8272,78.4297
-24.5678,-4.3562,78.1587
-24.7018,-3.8862,77.8967
-24.7508,-3.4152,77.8027
-24.9968,-2.9442,77.3227
-25.0228,-2.4732,77.2707
-25.0958,-2.0042,77.1297
-25.2488,-1.5332,76.8347
-25.3598,-1.0632,76.6207
-25.6368,-0.5922,76.0887
-25.6848,-0.1222,75.9957
-25.7628,0.3488,75.8457
-26.1358,0.8188,75.1307
-26.5208,1.2928,74.3917
-26.5208,1.7618,74.3917
-26.8128,2.2328,73.8357
-26.8688,2.7038,73.7287
-27.7268,4.1158,72.1717
-28.0918,4.5878,71.5357
-28.5218,5.0588,70.7967
-27.4058,-14.2422,71.2027
-26.6668,-13.7722,72.4727
-26.2888,-13.3002,73.1667
-26.0598,-12.8302,73.6097
-25.6788,-12.3592,74.3417
-25.3758,-11.8882,74.9267
-24.8898,-11.4162,75.8607
-24.5968,-10.9452,76.4227
-24.5928,-10.4742,76.4297
-24.3528,-10.0002,76.8907
-24.2328,-9.5292,77.1217
-23.9358,-9.0582,77.6937
-23.7428,-8.5872,78.0627
-23.9678,-8.1172,77.6307
-23.6758,-7.6462,78.1927
-23.6088,-7.1752,78.3217
-23.5698,-6.7072,78.3967
-23.9678,-6.2372,77.6307
-23.7428,-5.7672,78.0637
-23.8878,-5.2972,77.7857
-23.8668,-4.8272,77.8257
-24.0248,-4.3562,77.5217
-24.2268,-3.8862,77.1337
-24.1968,-3.4152,77.1907
-24.3018,-2.9442,76.9877
-24.4938,-2.4732,76.6207
-24.7588,-2.0042,76.1117
-24.6308,-1.5332,76.3577
-24.6508,-1.0632,76.3197
-24.9248,-0.5922,75.7927
-24.8688,-0.1222,75.8997
-25.0678,0.3488,75.5187
-25.7478,0.8188,74.2107
-25.4118,1.2928,74.8577
-26.0168,1.7618,73.6917
-26.1588,2.2328,73.4187
-26.1958,2.7038,73.3467
-26.5108,3.1748,72.7397
-26.9288,3.6448,72.0227
-27.2178,4.1158,71.5267
-27.3758,4.5878,71.2537
-27.4058,5.0588,71.2027
-27.4058,5.5298,71.2027
-26.5038,-14.2422,71.2187
-26.2378,-13.7722,71.6757
-25.8058,-13.3002,72.4167
-25.3768,-12.8302,73.2327
-25.1678,-12.3592,73.6367
-24.8588,-11.8882,74.2317
-24.3698,-11.4162,75.1717
-24.2228,-10.9452,75.4547
-23.7848,-10.4742,76.2977
-23.7568,-10.0002,76.3507
-23.6188,-9.5292,76.6167
-23.4578,-9.0582,76.9297
-23.1258,-8.5872,77.5757
-23.3678,-8.1172,77.1047
-23.3538,-7.6462,77.1317
-23.2028,-7.1752,77.4247
-22.9808,-6.7072,77.8597
-23.3628,-6.2372,77.1137
-23.3738,-5.7672,77.0927
-23.3718,-5.2972,77.0967
-23.4578,-4.8272,76.9277
-23.4908,-4.3562,76.8657
-23.4998,-3.8862,76.8477
-23.6048,-3.4152,76.6437
-23.6568,-2.9442,76.5437
-23.6878,-2.4732,76.4837
-23.6528,-2.0042,76.5517
-24.0928,-1.5332,75.7047
-24.1418,-1.0632,75.6097
-23.9488,-0.5922,75.9817
-24.3348,-0.1222,75.2397
-24.3738,0.3488,75.1637
-24.9058,0.8188,74.1417
-24.9818,1.2928,73.9947
-25.0868,1.7618,73.7917
-25.3668,2.2328,73.2527
-25.6348,2.7038,72.7357
-25.7888,3.1748,72.4467
-25.8218,3.6448,72.3897
-26.5408,4.1158,71.1547
-26.5368,4.5878,71.1607
-26.2428,5.0588,71.6667
-26.6528,5.5298,70.9627
-27.0468,5.9998,70.2777
-27.0958,6.4708,70.1917
-26.6528,7.4128,70.9627
-27.5388,8.3538,69.4217
-25.8608,-14.2422,70.7937
-25.6938,-13.7722,71.0847
-25.2468,-13.3002,71.8617
-24.8928,-12.8302,72.4947
-24.5678,-12.3592,73.1117
-24.4998,-11.8882,73.2387
-24.0438,-11.4162,74.1157
-23.7308,-10.9452,74.7287
-23.5188,-10.4742,75.1417
-23.2538,-10.0002,75.6517
-23.0338,-9.5292,76.0737
-22.8638,-9.0582,76.4027
-22.8538,-8.5872,76.4217
-22.7828,-8.1172,76.5577
-22.6948,-7.6462,76.7257
-22.8388,-7.1752,76.4487
-22.5358,-6.7072,77.0307
-22.7348,-6.2372,76.6497
-23.0248,-5.7672,76.0917
-22.6248,-5.2972,76.8607
-22.8268,-4.8272,76.4727
-23.0858,-4.3562,75.9747
-22.8688,-3.8862,76.3917
-23.1238,-3.4152,75.9017
-23.3338,-2.9442,75.4967
-23.3828,-2.4732,75.4017
-23.1348,-2.0042,75.8797
-23.2638,-1.5332,75.6327
-23.4198,-1.0632,75.3317
-23.7468,-0.5922,74.6967
-23.4938,-0.1222,75.1887
-23.9678,0.3488,74.2647
-24.1918,0.8188,73.8267
-24.2878,1.2928,73.6417
-24.3648,1.7618,73.4957
-24.6178,2.2328,73.0167
-24.8908,2.7038,72.4987
-24.9908,3.1748,72.3097
-25.0348,3.6448,72.2297
-25.3818,4.1158,71.6257
-25.4648,4.5878,71.4827
-25.9558,5.0588,70.6297
-25.9918,5.5298,70.5677
-26.0408,5.9998,70.4827
-26.3238,6.4708,69.9967
-26.0448,6.9418,70.4757
-26.6698,7.4128,69.4027
-26.6958,7.8828,69.3597
-26.7428,8.3538,69.2777
-26.7908,8.8238,69.1947
-25.1178,-14.2422,70.5357
-24.7788,-13.7722,71.1257
-24.6568,-13.3002,71.3367
-24.1528,-12.8302,72.2337
-23.8918,-12.3592,72.7357
-23.7428,-11.8882,73.0207
-23.5098,-11.4162,73.4707
-23.1758,-10.9452,74.1127
-23.0308,-10.4742,74.3907
-22.7068,-10.0002,75.0137
-22.5088,-9.5292,75.3947
-22.3538,-9.0582,75.6927
-22.3548,-8.5872,75.6907
-22.2188,-8.1172,75.9537
-22.3408,-7.6462,75.7187
-22.2408,-7.1752,75.9117
-21.9638,-6.7072,76.4427
-22.3208,-6.2372,75.7577
-22.3728,-5.7672,75.6567
-22.3298,-5.2972,75.7387
-22.3178,-4.8272,75.7627
-22.4228,-4.3562,75.5607
-22.3878,-3.8862,75.6277
-22.4418,-3.4152,75.5237
-22.5048,-2.9442,75.4037
-22.4958,-2.4732,75.4197
-22.6278,-2.0042,75.1667
-22.7848,-1.5332,74.8647
-22.9758,-1.0632,74.4977
-22.8288,-0.5922,74.7797
-23.1688,-0.1222,74.1247
-23.2048,0.3488,74.0567
-23.4108,0.8188,73.6597
-23.7548,1.2928,72.9987
-23.7818,1.7618,72.9477
-23.8118,2.2328,72.8877
-23.9078,2.7038,72.7047
-24.1108,3.1748,72.3137
-24.1778,3.6448,72.1847
-24.3038,4.1158,71.9517
-24.4078,4.5878,71.7697
-25.0858,5.0588,70.5917
-25.1428,5.5298,70.4917
-25.2278,5.9998,70.3457
-25.4678,6.4708,69.9327
-25.6228,6.9418,69.6687
-25.5838,7.4128,69.7337
-25.6458,7.8828,69.6287
-25.9418,8.3538,69.1197
-25.9098,8.8238,69.1737
-25.6198,9.2938,69.6717
-24.4288,-14.2422,70.2067
-24.2888,-13.7722,70.4487
-23.9098,-13.3002,71.0987
-23.6438,-12.8302,71.5547
-23.2668,-12.3592,72.2507
-23.1348,-11.8882,72.5047
-22.9498,-11.4162,72.8607
-22.6108,-10.9452,73.5177
-22.4738,-10.4742,73.7847
-22.3358,-10.0002,74.0527
-22.0468,-9.5292,74.6167
-21.9308,-9.0582,74.8397
-21.8538,-8.5872,74.9877
-21.6628,-8.1172,75.3547
-21.6378,-7.6462,75.4037
-21.7198,-7.1752,75.2447
-21.5668,-6.7072,75.5397
-21.6148,-6.2372,75.4477
-21.6688,-5.7672,75.3447
-21.5098,-5.2972,75.6497
-21.6898,-4.8272,75.3037
-21.8528,-4.3562,74.9897
-21.9518,-3.8862,74.7987
-21.9178,-3.4152,74.8647
-21.9558,-2.9442,74.7907
-22.1618,-2.4732,74.3917
-22.0168,-2.0042,74.6737
-22.0598,-1.5332,74.5907
-22.2728,-1.0632,74.1767
-22.1808,-0.5922,74.3557
-22.4638,-0.1222,73.8027
-22.8888,0.3488,72.9777
-22.9788,0.8188,72.8057
-23.0198,1.2928,72.7257
-23.0338,1.7618,72.6987
-23.3498,2.2328,72.0917
-23.3998,2.7038,71.9957
-23.1538,3.1748,72.4677
-23.5348,3.6448,71.7427
-23.6568,4.1158,71.5327
-23.6968,4.5878,71.4647
-24.2838,5.0588,70.4567
-24.3458,5.5298,70.3497
-24.4318,5.9998,70.2017
-24.6148,6.4708,69.8837
-24.8098,6.9418,69.5447
-24.7468,7.4128,69.6537
-24.8028,7.8828,69.5567
-24.9198,8.3538,69.3537
-24.9018,8.8238,69.3837
-24.8828,9.2938,69.4167
-23.7688,-14.2422,69.8047
-23.4158,-13.7722,70.4187
-23.2988,-13.3002,70.6217
-23.1138,-12.8302,70.9437
-22.7518,-12.3592,71.5747
-22.5458,-11.8882,71.9707
-22.4298,-11.4162,72.1937
-22.0128,-10.9452,72.9967
-21.9528,-10.4742,73.1117
-21.8068,-10.0002,73.3927
-21.4538,-9.5292,74.0707
-21.2858,-9.0582,74.3947
-21.2598,-8.5872,74.4437
-21.0688,-8.1172,74.8107
-21.0388,-7.6462,74.8677
-20.9798,-7.1752,74.9817
-21.0018,-6.7072,74.9387
-21.0178,-6.2372,74.9087
-21.1928,-5.7672,74.5737
-21.1378,-5.2972,74.6777
-21.2588,-4.8272,74.4467
-21.1528,-4.3562,74.6497
-21.2668,-3.8862,74.4297
-21.1308,-3.4152,74.6907
-21.2948,-2.9442,74.3757
-21.5238,-2.4732,73.9357
-21.5528,-2.0042,73.8817
-21.8358,-1.5332,73.3357
-21.6678,-1.0632,73.6597
-21.7078,-0.5922,73.5817
-21.6548,-0.1222,73.6857
-22.0258,0.3488,72.9707
-21.9898,0.8188,73.0407
-22.2438,1.2928,72.5517
-22.0488,1.7618,72.9267
-22.4278,2.2328,72.1977
-22.7568,2.7038,71.5657
-22.7568,3.1748,71.5657
-22.7568,3.6448,71.5657
-22.8448,4.1158,71.4117
-22.9118,4.5878,71.2957
-23.1728,5.0588,70.8407
-23.5888,5.5298,70.1177
-23.5248,5.9998,70.2277
-23.8138,6.4708,69.7267
-23.8058,6.9418,69.7397
-24.0558,7.4128,69.3057
-24.0908,7.8828,69.2437
-24.1848,8.3538,69.0817
-24.3868,8.8238,68.7307
-24.0848,9.2938,69.2547
-23.7808,-14.7122,68.2567
-23.2268,-14.2422,69.2087
-22.7858,-13.7722,69.9667
-22.5798,-13.3002,70.3257
-22.4808,-12.8302,70.4977
-22.0988,-12.3592,71.1587
-21.9218,-11.8882,71.4817
-21.6938,-11.4162,71.9207
-21.4338,-10.9452,72.4217
-21.3638,-10.4742,72.5547
-21.1638,-10.0002,72.9397
-20.9918,-9.5292,73.2707
-20.8848,-9.0582,73.4767
-20.8078,-8.5872,73.6247
-20.6828,-8.1172,73.8647
-20.5628,-7.6462,74.0967
-20.4988,-7.1752,74.2197
-20.5128,-6.7072,74.1937
-20.5098,-6.2372,74.1997
-20.4058,-5.7672,74.4017
-20.5518,-5.2972,74.1177
-20.4008,-4.8272,74.4117
-20.5348,-4.3562,74.1507
-20.5868,-3.8862,74.0497
-20.7008,-3.4152,73.8307
-20.6518,-2.9442,73.9257
-20.8808,-2.4732,73.4847
-20.8838,-2.0042,73.4787
-20.9788,-1.5332,73.2957
-20.9808,-1.0632,73.2927
-21.0348,-0.5922,73.1877
-21.1938,-0.1222,72.8827
-21.0808,0.3488,73.1007
-21.2318,0.8188,72.8087
-21.2538,1.2928,72.7677
-21.2728,1.7618,72.7307
-22.0028,4.1158,71.3257
-22.3498,4.5878,70.7237
-22.1738,5.0588,71.0287
-22.8198,5.5298,69.9087
-22.6088,5.9998,70.2757
-22.9248,6.4708,69.7267
-22.9868,6.9418,69.6207
-23.3158,7.4128,69.0557
-23.3208,7.8828,69.0457
-23.5518,8.3538,68.6507
-23.3888,8.8238,68.9297
-22.6378,-14.2422,68.6857
-22.2388,-13.7722,69.3707
-21.9328,-13.3002,69.8997
-21.8398,-12.8302,70.0607
-21.4358,-12.3592,70.7637
-21.2888,-11.8882,71.0187
-21.0958,-11.4162,71.3857
-20.9328,-10.9452,71.7037
-20.9118,-10.4742,71.7447
-20.8028,-10.0002,71.9587
-20.4988,-9.5292,72.5527
-20.2828,-9.0582,72.9667
-20.2328,-8.5872,73.0637
-20.2058,-8.1172,73.1157
-20.0808,-7.6462,73.3557
-19.8998,-7.1752,73.7047
-19.8668,-6.7072,73.7677
-19.8688,-6.2372,73.7627
-19.9098,-5.7672,73.6847
-19.8918,-5.2972,73.7187
-19.9928,-4.8272,73.5257
-19.9768,-4.3562,73.5547
-20.1458,-3.8862,73.2307
-20.1498,-3.4152,73.2227
-20.2208,-2.9442,73.0867
-20.2648,-2.4732,73.0007
-20.2348,-2.0042,73.0587
-20.4748,-1.5332,72.5987
-20.7228,-1.0632,72.1147
-20.5288,-0.5922,72.4937
-20.4208,-0.1222,72.7027
-20.5288,0.3488,72.4937
-20.5288,0.8188,72.4937
-21.2498,4.5878,71.0857
-21.2498,5.0588,71.0857
-22.0678,5.5298,69.6657
-21.7868,5.9998,70.1547
-22.3118,6.4708,69.2467
-22.4308,6.9418,69.0417
-22.5698,7.4128,68.8027
-22.8268,7.8828,68.3617
-22.6098,8.3538,68.7337
-21.8828,-14.2422,68.4617
-21.7288,-13.7722,68.7287
-21.5498,-13.3002,69.0407
-21.3978,-12.8302,69.3057
-20.9298,-12.3592,70.1157
-20.6118,-11.8882,70.6677
-20.4538,-11.4162,70.9517
-20.3178,-10.9452,71.2137
-20.3098,-10.4742,71.2277
-20.1608,-10.0002,71.5137
-20.0458,-9.5292,71.7347
-19.8888,-9.0582,72.0367
-19.9118,-8.5872,71.9927
-19.7758,-8.1172,72.2537
-19.7398,-7.6462,72.3237
-19.4208,-7.1752,72.9357
-19.4238,-6.7072,72.9307
-19.6838,-6.2372,72.4297
-19.4308,-5.7672,72.9177
-19.3158,-5.2972,73.1377
-19.3848,-4.8272,73.0047
-19.4178,-4.3562,72.9427
-19.5048,-3.8862,72.7747
-19.6168,-3.4152,72.5597
-19.4958,-2.9442,72.7927
-19.6738,-2.4732,72.4497
-19.7758,-2.0042,72.2537
-19.8968,-1.5332,72.0217
-20.1238,-1.0632,71.5847
-20.0938,-0.5922,71.6437
-20.9778,5.5298,70.0337
-21.3488,5.9998,69.3907
-21.4488,6.4708,69.2167
-21.5028,6.9418,69.1217
-22.2098,7.4128,67.8927
-21.8538,7.8828,68.5107
-21.0028,-14.2422,68.4437
-21.1558,-13.7722,68.1767
-20.9588,-13.3002,68.5207
-20.6348,-12.8302,69.0857
-20.3208,-12.3592,69.6277
-20.1208,-11.8882,69.9747
-19.8338,-11.4162,70.4717
-19.6948,-10.9452,70.7237
-19.7238,-10.4742,70.6677
-19.4338,-10.0002,71.2347
-19.5408,-9.5292,71.0257
-19.4478,-9.0582,71.2077
-19.2668,-8.5872,71.5607
-19.2248,-8.1172,71.6427
-19.1178,-7.6462,71.8517
-19.0398,-7.1752,72.0037
-19.1368,-6.7072,71.8157
-19.0438,-6.2372,71.9957
-19.0818,-5.7672,71.9227
-18.9228,-5.2972,72.2297
-18.7808,-4.8272,72.5027
-18.7528,-4.3562,72.5557
-19.0198,-3.8862,72.0427
-18.7728,-3.4152,72.5167
-19.0278,-2.9442,72.0267
-19.0088,-2.4732,72.0637
-19.0528,-2.0042,71.9787
-19.3548,-1.5332,71.3887
-19.0278,-1.0632,72.0267
-20.6288,6.4708,69.0957
-21.5178,7.4128,67.5457
-20.3918,-13.7722,67.9577
-20.3098,-13.3002,68.0997
-20.1568,-12.8302,68.3657
-19.6478,-12.3592,69.2547
-19.2608,-11.8882,69.9337
-19.3858,-11.4162,69.7147
-19.0718,-10.9452,70.2657
-19.1168,-10.4742,70.1857
-18.9598,-10.0002,70.4697
-18.9568,-9.5292,70.4757
-18.7568,-9.0582,70.8607
-18.7478,-8.5872,70.8767
-18.6878,-8.1172,70.9927
-18.6728,-7.6462,71.0217
-18.6198,-7.1752,71.1227
-18.3968,-6.7072,71.5527
-18.4908,-6.2372,71.3707
-18.5278,-5.7672,71.3007
-18.3308,-5.2972,71.6797
-18.1078,-4.8272,72.1077
-18.2588,-4.3562,71.8187
-18.4888,-3.8862,71.3767
-18.3228,-3.4152,71.6947
-18.6228,-2.9442,71.1177
-18.6408,-2.4732,71.0837
-18.5828,-2.0042,71.1947
-18.9248,-1.5332,70.5377
-19.9018,-13.7722,67.2807
-19.5588,-13.3002,67.8687
-19.4688,-12.8302,68.0247
-19.2358,-12.3592,68.4247
-18.8688,-11.8882,69.0627
-18.7528,-11.4162,69.2667
-18.6458,-10.9452,69.4527
-18.5638,-10.4742,69.5957
-18.4448,-10.0002,69.8047
-18.2528,-9.5292,70.1417
-18.3878,-9.0582,69.9047
-18.2378,-8.5872,70.1697
-18.2008,-8.1172,70.2407
-18.3008,-7.6462,70.0567
-18.0588,-7.1752,70.5147
-18.0978,-6.7072,70.4377
-17.9618,-6.2372,70.7007
-17.8838,-5.7672,70.8507
-17.9048,-5.2972,70.8107
-17.7248,-4.8272,71.1567
-17.6518,-4.3562,71.2967
-17.8988,-3.8862,70.8217
-17.8868,-3.4152,70.8437
-18.2528,-1.5332,70.1417
-19.1288,-13.3002,67.0737
-18.6428,-12.8302,67.9087
-18.5148,-12.3592,68.1287
-18.2148,-11.8882,68.6527
-18.2478,-11.4162,68.5937
-18.0678,-10.9452,68.9137
-18.0018,-10.4742,69.0307
-18.0718,-10.0002,68.9057
-17.8538,-9.5292,69.2927
-17.7648,-9.0582,69.4507
-17.7778,-8.5872,69.4267
-17.5788,-8.1172,69.7807
-17.4938,-7.6462,69.9337
-17.5738,-7.1752,69.7887
-17.5088,-6.7072,69.9047
-17.3638,-6.2372,70.1827
-17.3358,-5.7672,70.2377
-17.5088,-5.2972,69.9047
-17.2248,-4.8272,70.4507
-17.3688,-4.3562,70.1737
-17.2608,-3.8862,70.3817
-18.0078,-12.8302,67.4797
-17.7608,-12.3592,67.9107
-17.8478,-11.8882,67.7587
-17.5808,-11.4162,68.2227
-17.5608,-10.9452,68.2597
-17.4858,-10.4742,68.3897
-17.3278,-10.0002,68.6667
-17.0278,-9.5292,69.1917
-16.9748,-9.0582,69.2837
-17.1748,-8.5872,68.9347
-17.1088,-8.1172,69.0497
-17.1288,-7.6462,69.0137
-17.1428,-7.1752,68.9907
-16.9518,-6.7072,69.3237
-16.9668,-6.2372,69.2987
-16.8208,-5.7672,69.5527
-16.7278,-5.2972,69.7207
-16.7658,-4.8272,69.6487
-16.7738,-4.3562,69.6357
-16.8308,-3.8862,69.5367
-16.4648,-12.8302,68.6267
-17.1948,-12.3592,67.3437
-16.9108,-11.8882,67.8377
-16.9928,-11.4162,67.6947
-17.0828,-10.9452,67.5397
-16.9168,-10.4742,67.8277
-16.7318,-10.0002,68.1547
-16.5908,-9.5292,68.4037
-16.4818,-9.0582,68.5977
-16.5408,-8.5872,68.4927
-16.5018,-8.1172,68.5627
-16.4688,-7.6462,68.6217
-16.4618,-7.1752,68.6327
-16.2988,-6.7072,68.9217
-16.5218,-6.2372,68.5257
-16.3458,-5.7672,68.8377
-16.0448,-5.2972,69.3717
-16.0468,-4.8272,69.3687
-16.0078,-4.3562,69.4377
-16.0078,-3.8862,69.4377
-16.5258,-12.3592,66.9697
-16.1638,-11.8882,67.5917
-16.3758,-11.4162,67.2287
-16.2088,-10.9452,67.5147
-16.2688,-10.4742,67.4117
-16.1688,-10.0002,67.5827
-16.0028,-9.5292,67.8747
-16.0488,-9.0582,67.7917
-15.8588,-8.5872,68.1287
-16.0168,-8.1172,67.8487
-15.7968,-7.6462,68.2387
-16.1008,-7.1752,67.6997
-15.9738,-6.7072,67.9257
-16.0138,-6.2372,67.8557
-16.1798,-5.7672,67.5647
-16.1078,-4.8272,67.6877
-15.3518,-11.8882,67.4567
-15.3608,-11.4162,67.4407
-15.6308,-10.9452,66.9757
-15.7178,-10.4742,66.8257
-15.2988,-10.0002,67.5517
-15.4048,-9.5292,67.3657
-15.3518,-9.0582,67.4567
-15.2758,-8.5872,67.5917
-15.4008,-8.1172,67.3717
-15.3678,-7.6462,67.4277
-15.3268,-7.1752,67.5017
-15.1148,-6.7072,67.8797
-15.3408,-6.2372,67.4757
-15.4518,-5.7672,67.2847
-15.3518,-5.2972,67.4567
-15.7708,-4.8272,66.7347
-16.2498,-4.3562,65.9097
-16.2498,-3.8862,65.9097
-14.9448,-11.4162,66.6337
-15.0398,-10.9452,66.4697
-15.0398,-10.4742,66.4687
-14.6618,-10.0002,67.1267
-14.7558,-9.5292,66.9637
-14.5958,-9.0582,67.2417
-14.7478,-8.5872,66.9757
-14.9398,-8.1172,66.6427
-14.9408,-7.6462,66.6407
-14.7708,-7.1752,66.9357
-15.0148,-6.7072,66.5117
-14.8288,-6.2372,66.8347
-15.4268,-5.7672,65.7947
-15.4298,-5.2972,65.7897
-15.5678,-4.8272,65.5517
-15.4688,-4.3562,65.7227
-15.8368,-3.8862,65.0907
-15.8238,-3.4152,65.1127
-15.8678,-2.9442,65.0357
-15.4938,-2.4732,65.6797
-14.2388,-9.5292,66.3157
-13.8738,-9.0582,66.9497
-14.1788,-8.5872,66.4187
-14.2138,-8.1172,66.3597
-14.1368,-7.6462,66.4927
-14.3048,-7.1752,66.2007
-14.3708,-6.7072,66.0857
-14.1468,-6.2372,66.4757
-14.6988,-5.7672,65.5147
-14.9008,-5.2972,65.1677
-14.7368,-4.8272,65.4487
-15.1048,-4.3562,64.8147
-15.1178,-3.8862,64.7927
-15.0418,-3.4152,64.9237
-15.1508,-2.9442,64.7367
-15.6018,-2.4732,63.9597
-16.0148,-2.0042,63.2417
-13.0978,-9.0582,66.7497
-13.4108,-8.5872,66.2117
-13.3598,-8.1172,66.2997
-13.4698,-7.6462,66.1107
-13.5858,-7.1752,65.9127
-13.8608,-6.7072,65.4397
-13.8848,-6.2372,65.3977
-14.0228,-5.7672,65.1597
-13.9928,-5.2972,65.2117
-14.0688,-4.8272,65.0797
-14.4058,-4.3562,64.4947
-14.4408,-3.8862,64.4327
-14.4168,-3.4152,64.4757
-14.6238,-2.9442,64.1147
-14.4878,-2.4732,64.3527
-14.7828,-2.0042,63.8377
-15.2048,-1.5332,63.1127
-12.3408,-8.5872,66.5187
-12.7848,-8.1172,65.7567
-12.8648,-7.6462,65.6207
-13.0868,-7.1752,65.2377
-13.1418,-6.7072,65.1437
-13.2478,-6.2372,64.9617
-13.5158,-5.7672,64.4947
-13.5968,-5.2972,64.3537
-13.6578,-4.8272,64.2487
-13.7118,-4.3562,64.1557
-13.8128,-3.8862,63.9787
-13.8928,-3.4152,63.8397
-13.8078,-2.9442,63.9877
-14.1438,-2.4732,63.4037
-13.9098,-2.0042,63.8107
-14.9538,-1.5332,62.0087
-12.0908,-8.1172,65.4237
-12.1238,-7.6462,65.3667
-12.4468,-7.1752,64.8037
-12.3598,-6.7072,64.9567
-12.7968,-6.2372,64.2037
-12.8388,-5.7672,64.1317
-12.9228,-5.2972,63.9867
-12.9148,-4.8272,64.0007
-13.0028,-4.3562,63.8487
-13.0718,-3.8862,63.7307
-13.1378,-3.4152,63.6177
-13.3928,-2.9442,63.1797
-13.7718,-2.4732,62.5197
-14.0618,-2.0042,62.0157
-14.3448,-1.5332,61.5237
-11.3608,-8.1172,65.1477
-11.5538,-7.6462,64.8107
-11.6418,-7.1752,64.6577
-11.7028,-6.7072,64.5527
-11.8048,-6.2372,64.3777
-12.1548,-5.7672,63.7747
-12.2218,-5.2972,63.6597
-12.2668,-4.8272,63.5827
-12.4988,-4.3562,63.1847
-12.5728,-3.8862,63.0577
-12.6658,-3.4152,62.8967
-13.1098,-2.9442,62.1247
-13.3968,-2.4732,61.6257
-13.5678,-2.0042,61.3297
-13.6398,-1.5332,61.2057
-10.5348,-8.1172,65.0427
-10.0878,-7.6462,65.8117
-10.6348,-7.1752,64.8717
-10.6058,-6.7072,64.9217
-11.0398,-6.2372,64.1747
-11.4258,-5.7672,63.5037
-11.4258,-5.2972,63.5037
-11.6638,-4.8272,63.0887
-11.7548,-4.3562,62.9307
-11.8458,-3.8862,62.7727
-11.9408,-3.4152,62.6087
-12.3118,-2.9442,61.9627
-12.3848,-2.4732,61.8347
-12.8698,-2.0042,60.9947
-13.4918,-1.5332,59.9267
-13.5778,-1.0632,59.7787
-14.5358,-0.5922,58.1147
-10.2258,-5.7672,64.0437
-10.6688,-4.8272,63.2737
-11.1118,-3.8862,62.5027
-12.4498,-2.4732,60.1947
-12.9798,-1.0632,59.2747
-13.6758,-0.5922,58.0777
-12.4928,-1.0632,58.5777
-12.9068,-0.5922,57.8667
-13.0028,-0.1222,57.7027
-11.8348,-0.5922,58.1867
-12.3428,-0.1222,57.2977
-13.1138,0.3488,55.8687
-11.5158,-0.1222,57.1737
-12.6158,0.3488,55.0207
-12.6938,0.8188,54.8667
-11.5228,0.3488,55.3477
-12.2778,0.8188,53.8547
-13.0688,1.7618,52.3117
-13.0688,2.2328,52.3117
-10.6888,0.3488,55.1627
-11.4918,0.8188,53.5747
-11.9158,1.2928,52.7487
-12.2358,1.7618,52.1237
-12.6428,2.2328,51.3187
-13.0428,2.7038,50.5267
-11.0568,0.8188,52.6117
-11.4228,1.2928,51.8997
-11.7828,1.7618,51.1877
-11.8118,2.2328,51.1307
-12.1568,2.7038,50.4487
-10.2328,0.8188,52.4087
-10.7308,1.2928,51.4347
-11.1128,1.7618,50.6787
-11.3218,2.2328,50.2647
-11.7078,2.7038,49.5087
-10.1718,1.2928,50.7057
-10.8888,1.7618,49.2937
-10.6868,2.2328,49.6887
-11.0448,2.7038,48.9907
-9.7778,1.2928,49.6527
-10.5748,1.7618,48.0967
-10.6508,2.2328,47.9467
-10.8888,2.7038,47.4767
-9.0008,1.2928,49.3547
-10.1388,1.7618,47.1247
-10.1758,2.2328,47.0517
-10.6088,2.7038,46.1957
-9.6358,1.7618,46.2847
-10.1118,2.2328,45.3537
-9.8958,2.7038,45.7737
-10.9728,3.1748,43.6647
-8.7618,1.7618,46.1827
-9.7468,2.2328,44.2557
-9.7018,2.7038,44.3427
-10.4548,3.1748,42.8537
-9.3148,2.2328,43.2757
-9.4288,2.7038,43.0507
-9.7758,3.1748,42.3657
-8.8418,2.2328,42.3757
-9.2508,2.7038,41.5757
-9.2628,3.1748,41.5527
-8.3978,2.2328,41.4297
-8.6308,2.7038,40.9747
-8.9068,3.1748,40.4367
-8.1418,2.2328,40.1157
-8.4188,2.7038,39.5677
-8.2678,3.1748,39.8657
-7.3638,2.2328,39.8617
-7.8328,2.7038,38.9197
-8.0238,3.1748,38.5377
-8.1028,3.6448,38.3787
-8.0718,4.1158,38.4407
-7.3888,4.5878,39.8117
-6.9538,2.2328,38.9887
-7.6798,2.7038,37.5227
-7.4828,3.1748,37.9167
-8.0288,3.6448,36.8217
-7.6318,4.1158,37.6187
-7.1978,4.5878,38.4937
-7.2458,5.0588,38.3957
-6.5998,2.2328,37.9837
-7.3338,2.7038,36.5127
-6.8478,3.1748,37.4857
-7.3078,3.6448,36.5647
-7.1458,4.1158,36.8897
-7.0178,2.7038,35.4397
-6.8348,3.1748,35.8077
-6.9838,3.6448,35.5077
-6.5568,4.1158,36.3667
-6.1538,2.7038,35.4817
-6.7058,3.1748,34.3607
-6.4658,3.6448,34.8477
-6.2948,4.1158,35.1947
-5.6978,2.7038,34.6997
-6.2978,3.1748,33.4857
-6.2378,3.6448,33.6077
-5.7328,4.1158,34.6287
-5.9168,4.1158,32.5327
-5.9908,4.5878,32.3827
-45.0168,-8.5092,78.3687
-45.3888,-8.0262,80.1367
-45.3858,-7.5552,80.1217
-45.3318,-7.0832,79.8647
-45.4198,-6.6122,80.2827
-45.5308,-6.1352,80.8087
-45.2918,-5.6732,79.6767
-45.5438,-5.1932,80.8687
-44.0848,-9.9302,77.3877
-44.3268,-9.4512,78.5377
-44.4658,-8.9752,79.1997
-44.7008,-8.4962,80.3147
-44.6588,-8.0262,80.1147
-44.6558,-7.5552,80.1017
-44.7298,-7.0792,80.4497
-44.7308,-6.6112,80.4557
-44.7078,-6.1392,80.3497
-44.7428,-5.6672,80.5147
-44.8148,-5.1932,80.8547
-44.7518,-4.7262,80.5547
-44.6088,-4.2622,79.8787
-43.4158,-10.3982,77.6527
-43.5758,-9.9222,78.4137
-43.6878,-9.4482,78.9467
-43.8018,-8.9732,79.4917
-43.8588,-8.5002,79.7607
-43.9908,-8.0252,80.3897
-43.9848,-7.5532,80.3597
-44.0198,-7.0792,80.5237
-44.0778,-6.6092,80.8017
-44.0878,-6.1352,80.8487
-44.1448,-5.6632,81.1177
-44.0448,-5.1952,80.6427
-44.1088,-4.7232,80.9447
-44.0828,-4.2562,80.8227
-44.0628,-3.7872,80.7297
-42.7548,-10.8702,77.9147
-42.8888,-10.3922,78.5507
-42.9718,-9.9192,78.9457
-43.0768,-9.4442,79.4447
-43.1278,-8.9712,79.6857
-43.1858,-8.4982,79.9647
-43.2368,-8.0262,80.2067
-43.3158,-7.5522,80.5807
-43.3348,-7.0782,80.6717
-43.4258,-6.6072,81.1057
-43.4528,-6.1322,81.2357
-43.4338,-5.6632,81.1407
-43.4338,-5.1912,81.1427
-43.4378,-4.7222,81.1647
-43.3688,-4.2562,80.8347
-43.4678,-3.7832,81.3037
-43.4058,-3.3142,81.0077
-43.2788,-2.8472,80.4057
-42.0858,-11.8102,78.1797
-42.1778,-11.3362,78.6187
-42.1548,-10.8662,78.5077
-42.2148,-10.3902,78.7967
-42.2648,-9.9182,79.0317
-42.3128,-9.4462,79.2637
-42.4418,-8.9702,79.8737
-42.5388,-8.4962,80.3347
-42.5798,-8.0242,80.5337
-42.6828,-7.5492,81.0227
-42.6718,-7.0762,80.9717
-42.7288,-6.6062,81.2397
-42.7678,-6.1312,81.4277
-42.7658,-5.6612,81.4147
-42.8068,-5.1882,81.6117
-42.8158,-4.7182,81.6547
-42.8188,-4.2502,81.6697
-42.7598,-3.7822,81.3877
-42.8138,-3.3102,81.6427
-42.7428,-2.8412,81.3077
-42.7488,-2.3702,81.3347
-41.4158,-12.2802,78.4447
-41.4808,-11.8062,78.7557
-41.4128,-11.3372,78.4297
-41.4268,-10.8662,78.4977
-41.5558,-10.3882,79.1097
-41.6388,-9.9152,79.5077
-41.6958,-9.4422,79.7777
-41.8268,-8.9662,80.3987
-41.8238,-8.4952,80.3867
-41.8968,-8.0222,80.7317
-41.9648,-7.5482,81.0577
-41.9968,-7.0742,81.2097
-42.0188,-6.6052,81.3157
-42.0388,-6.1312,81.4097
-42.1008,-5.6592,81.7017
-42.1388,-5.1862,81.8827
-42.0978,-4.7182,81.6917
-42.1508,-4.2482,81.9427
-42.1188,-3.7792,81.7887
-42.1058,-3.3092,81.7277
-42.1608,-2.8362,81.9897
-42.1278,-2.3672,81.8307
-42.3058,-1.8882,82.6797
-40.8558,-13.2182,79.1827
-40.7598,-12.7492,78.7287
-40.7518,-12.2792,78.6877
-40.7528,-11.8072,78.6927
-40.7448,-11.3362,78.6547
-40.8358,-10.8622,79.0867
-40.8878,-10.3862,79.3377
-40.9788,-9.9132,79.7717
-41.0238,-9.4412,79.9837
-41.1088,-8.9662,80.3897
-41.2178,-8.4922,80.9047
-41.1948,-8.0222,80.7957
-41.2818,-7.5472,81.2107
-41.2948,-7.0742,81.2717
-41.3758,-6.6032,81.6607
-41.3988,-6.1292,81.7667
-41.4138,-5.6582,81.8407
-41.4748,-5.1842,82.1277
-41.4808,-4.7152,82.1587
-41.4628,-4.2472,82.0717
-41.5048,-3.7762,82.2707
-41.4768,-3.3072,82.1367
-41.5458,-2.8332,82.4667
-41.5918,-2.3612,82.6837
-41.6138,-1.8872,82.7927
-41.2788,-1.4272,81.1977
-40.1138,-13.6892,79.1127
-40.0958,-13.2192,79.0267
-40.0988,-12.7472,79.0427
-40.0678,-12.2772,78.8937
-40.1348,-11.8032,79.2107
-40.1678,-11.3312,79.3687
-40.1818,-10.8592,79.4347
-40.2448,-10.3842,79.7307
-40.3298,-9.9102,80.1317
-40.4248,-9.4362,80.5847
-40.4818,-8.9632,80.8547
-40.5168,-8.4912,81.0247
-40.5318,-8.0202,81.0927
-40.5558,-7.5472,81.2097
-40.6248,-7.0722,81.5387
-40.6878,-6.6022,81.8367
-40.7278,-6.1272,82.0257
-40.7658,-5.6552,82.2047
-40.8118,-5.1822,82.4287
-40.8378,-4.7122,82.5527
-40.8188,-4.2442,82.4597
-40.8668,-3.7732,82.6867
-40.8498,-3.3032,82.6067
-40.9048,-2.8302,82.8707
-40.9838,-2.3572,83.2427
-40.9818,-1.8842,83.2337
-40.8708,-1.4172,82.7077
-39.5038,-13.6862,79.6607
-39.4318,-13.2172,79.3187
-39.4328,-12.7452,79.3247
-39.4368,-12.2742,79.3417
-39.4698,-11.8012,79.4977
-39.4948,-11.3292,79.6167
-39.5658,-10.8562,79.9547
-39.5798,-10.3822,80.0177
-39.6598,-9.9092,80.3977
-39.7048,-9.4362,80.6117
-39.8008,-8.9622,81.0697
-39.8358,-8.4892,81.2347
-39.8348,-8.0192,81.2307
-39.8588,-7.5462,81.3447
-39.9408,-7.0702,81.7337
-39.9888,-6.6012,81.9627
-40.0148,-6.1262,82.0847
-40.0888,-5.6542,82.4397
-40.1558,-5.1802,82.7587
-40.1668,-4.7102,82.8067
-40.1728,-4.2422,82.8397
-40.1988,-3.7712,82.9597
-40.1738,-3.3022,82.8447
-40.1978,-2.8302,82.9557
-40.2828,-2.3562,83.3617
-40.3248,-1.8822,83.5587
-40.2628,-1.4132,83.2667
-40.3198,-0.9402,83.5387
-38.7428,-14.6292,79.4427
-38.7468,-14.1582,79.4627
-38.7798,-13.6862,79.6257
-38.8228,-13.2132,79.8377
-38.7798,-12.7432,79.6227
-38.8478,-12.2702,79.9567
-38.8728,-11.7972,80.0807
-38.9408,-11.3232,80.4157
-38.8688,-10.8552,80.0607
-38.9708,-10.3782,80.5637
-38.9938,-9.9072,80.6757
-39.0528,-9.4342,80.9587
-39.1298,-8.9602,81.3267
-39.1528,-8.4882,81.4367
-39.1308,-8.0182,81.3297
-39.1788,-7.5452,81.5587
-39.2708,-7.0682,81.9997
-39.2848,-6.6002,82.0637
-39.3288,-6.1252,82.2717
-39.4058,-5.6522,82.6377
-39.4488,-5.1792,82.8447
-39.4768,-4.7092,82.9797
-39.4858,-4.2412,83.0187
-39.5188,-3.7702,83.1787
-39.5038,-3.3002,83.1057
-39.5598,-2.8272,83.3747
-39.5908,-2.3552,83.5207
-39.6378,-1.8802,83.7447
-39.6078,-1.4112,83.5997
-39.5578,-0.9412,83.3637
-39.4338,-0.4742,82.7707
-38.1808,-15.0952,80.2207
-38.0988,-14.6272,79.8327
-38.1358,-14.1542,80.0077
-38.1098,-13.6842,79.8837
-38.1178,-13.2122,79.9227
-38.1878,-12.7392,80.2557
-38.2188,-12.2672,80.4007
-38.2858,-11.7932,80.7217
-38.2628,-11.3222,80.6117
-38.3348,-10.8492,80.9537
-38.2878,-10.3772,80.7317
-38.4018,-9.9032,81.2727
-38.4278,-9.4312,81.3927
-38.4958,-8.9572,81.7157
-38.4898,-8.4862,81.6897
-38.5038,-8.0152,81.7547
-38.4768,-7.5442,81.6267
-38.5678,-7.0682,82.0597
-38.5828,-6.6002,82.1297
-38.6928,-6.1232,82.6497
-38.6638,-5.6532,82.5157
-38.7498,-5.1792,82.9247
-38.7728,-4.7092,83.0307
-38.8268,-4.2392,83.2867
-38.7988,-3.7702,83.1547
-38.8188,-3.2992,83.2487
-38.8918,-2.8252,83.5987
-38.8918,-2.3552,83.5987
-38.9508,-1.8792,83.8767
-38.9078,-1.4102,83.6737
-38.9078,-0.9392,83.6727
-38.8218,-0.4712,83.2657
-37.5018,-15.0932,80.4407
-37.3588,-14.6272,79.7637
-37.4348,-14.1532,80.1237
-37.4478,-13.6822,80.1847
-37.4628,-13.2102,80.2577
-37.4568,-12.7392,80.2277
-37.5448,-12.2652,80.6457
-37.5578,-11.7932,80.7077
-37.5778,-11.3212,80.8027
-37.6458,-10.8472,81.1297
-37.6578,-10.3732,81.1847
-37.7008,-9.9022,81.3907
-37.7358,-9.4302,81.5537
-37.7238,-8.9592,81.4987
-37.7828,-8.4862,81.7767
-37.7768,-8.0152,81.7477
-37.7998,-7.5432,81.8567
-37.8528,-7.0682,82.1077
-37.9328,-6.5972,82.4867
-37.9588,-6.1232,82.6087
-38.0338,-5.6502,82.9647
-38.0498,-5.1782,83.0457
-38.0828,-4.7082,83.2017
-38.1148,-4.2382,83.3517
-38.1428,-3.7672,83.4837
-38.1218,-3.2982,83.3837
-38.1758,-2.8252,83.6407
-38.1588,-2.3552,83.5637
-38.1548,-1.8822,83.5417
-38.1698,-1.4112,83.6117
-38.1038,-0.9422,83.2997
-38.0488,-0.4722,83.0377
-36.8648,-15.5622,80.8647
-36.7428,-15.0942,80.2837
-36.7828,-14.6222,80.4717
-36.8148,-14.1502,80.6257
-36.8158,-13.6792,80.6297
-36.8058,-13.2082,80.5807
-36.8948,-12.7332,81.0047
-36.8348,-12.2642,80.7197
-36.9338,-11.7892,81.1917
-36.9038,-11.3192,81.0497
-36.9218,-10.8472,81.1367
-36.9478,-10.3732,81.2577
-37.0448,-9.8992,81.7177
-37.0528,-9.4282,81.7577
-37.0758,-8.9562,81.8697
-37.0718,-8.4852,81.8487
-37.0558,-8.0152,81.7737
-37.0638,-7.5432,81.8107
-37.1248,-7.0682,82.0997
-37.2038,-6.5972,82.4757
-37.2578,-6.1222,82.7347
-37.3068,-5.6502,82.9667
-37.3898,-5.1762,83.3587
-37.3568,-4.7082,83.2027
-37.3958,-4.2382,83.3867
-37.4148,-3.7672,83.4767
-37.3838,-3.2982,83.3287
-37.4628,-2.8242,83.7027
-37.3708,-2.3572,83.2677
-37.4188,-1.8822,83.4937
-37.4068,-1.4122,83.4377
-37.3528,-0.9422,83.1837
-37.2758,-0.4742,82.8207
-36.1008,-15.5632,80.6317
-36.1358,-15.0912,80.8007
-36.0858,-14.6222,80.5617
-36.1648,-14.1482,80.9367
-36.1268,-13.6782,80.7557
-36.2038,-13.2042,81.1227
-36.1588,-12.7342,80.9087
-36.2108,-12.2612,81.1577
-36.2348,-11.7892,81.2707
-36.2838,-11.3162,81.5007
-36.2948,-10.8442,81.5547
-36.2848,-10.3712,81.5097
-36.2938,-9.9012,81.5527
-36.3628,-9.4272,81.8797
-36.3718,-8.9562,81.9207
-36.4108,-8.4832,82.1087
-36.4008,-8.0132,82.0587
-36.4278,-7.5402,82.1867
-36.4718,-7.0662,82.3957
-36.5688,-6.5942,82.8567
-36.5428,-6.1222,82.7357
-36.6198,-5.6492,83.1007
-36.6348,-5.1772,83.1697
-36.6568,-4.7072,83.2787
-36.6818,-4.2382,83.3947
-36.7208,-3.7672,83.5807
-36.7428,-3.2962,83.6847
-36.6548,-2.8272,83.2657
-36.6448,-2.3572,83.2197
-36.6168,-1.8852,83.0867
-36.6318,-1.4142,83.1597
-36.5638,-0.9452,82.8367
-36.4568,-0.4772,82.3247
-35.4728,-15.5602,81.0947
-35.4298,-15.0902,80.8907
-35.4928,-14.6172,81.1907
-35.4738,-14.1472,81.0997
-35.4688,-13.6762,81.0787
-35.5348,-13.2022,81.3917
-35.5568,-12.7302,81.4957
-35.5458,-12.2592,81.4427
-35.5508,-11.7872,81.4687
-35.5718,-11.3152,81.5687
-35.5958,-10.8432,81.6817
-35.5908,-10.3702,81.6567
-35.6198,-9.8992,81.7957
-35.7048,-9.4252,82.1977
-35.6918,-8.9542,82.1377
-35.6908,-8.4832,82.1317
-35.7048,-8.0122,82.1997
-35.6768,-7.5412,82.0647
-35.7778,-7.0652,82.5467
-35.7858,-6.5962,82.5867
-35.7798,-6.1232,82.5577
-35.9068,-5.6492,83.1597
-35.9268,-5.1762,83.2567
-35.8958,-4.7082,83.1087
-35.9378,-4.2392,83.3097
-35.9308,-3.7692,83.2757
-35.9328,-3.2992,83.2827
-35.8478,-2.8302,82.8817
-35.8358,-2.3602,82.8207
-35.8198,-1.8872,82.7447
-35.8138,-1.4172,82.7177
-35.9368,-0.9422,83.3017
-34.6768,-15.5622,80.7607
-34.7518,-15.0882,81.1187
-34.7598,-14.6172,81.1557
-34.7888,-14.1452,81.2917
-34.8038,-13.6742,81.3657
-34.8808,-13.2002,81.7327
-34.8288,-12.7302,81.4817
-34.9238,-12.2562,81.9347
-34.8758,-11.7862,81.7077
-34.9578,-11.3122,82.0947
-34.9238,-10.8422,81.9357
-34.9348,-10.3682,81.9897
-34.9308,-9.8982,81.9677
-34.9768,-9.4252,82.1887
-34.9828,-8.9542,82.2187
-34.9998,-8.4822,82.2987
-34.9858,-8.0122,82.2297
-34.9698,-7.5412,82.1517
-35.0048,-7.0662,82.3207
-35.0218,-6.5982,82.4007
-35.0458,-6.1232,82.5137
-35.1108,-5.6512,82.8267
-35.1338,-5.1792,82.9357
-35.1158,-4.7102,82.8477
-35.1578,-4.2402,83.0507
-35.1268,-3.7712,82.9027
-35.2258,-3.2982,83.3727
-35.1178,-2.8302,82.8587
-35.0228,-2.3632,82.4087
-35.0148,-1.8902,82.3687
-35.0048,-1.4202,82.3207
-34.0828,-16.0302,81.3367
-33.9888,-15.5612,80.8897
-34.0548,-15.0882,81.2017
-34.0978,-14.6162,81.4107
-34.0908,-14.1452,81.3757
-34.1318,-13.6722,81.5707
-34.1358,-13.2012,81.5877
-34.1408,-12.7292,81.6147
-34.1678,-12.2572,81.7407
-34.1768,-11.7852,81.7847
-34.1798,-11.3142,81.7997
-34.2338,-10.8412,82.0577
-34.2278,-10.3682,82.0247
-34.2268,-9.8972,82.0217
-34.2598,-9.4252,82.1807
-34.3108,-8.9522,82.4207
-34.2438,-8.4832,82.1027
-34.2958,-8.0112,82.3527
-34.3098,-7.5392,82.4167
-34.2618,-7.0672,82.1887
-34.3218,-6.5972,82.4747
-34.3738,-6.1222,82.7227
-34.4008,-5.6512,82.8507
-34.3678,-5.1802,82.6917
-34.3538,-4.7122,82.6277
-34.3748,-4.2432,82.7267
-34.4038,-3.7722,82.8627
-34.4008,-3.3022,82.8527
-34.3318,-2.8332,82.5197
-34.2138,-2.3662,81.9597
-34.2138,-1.8932,81.9597
-31.8608,3.6818,70.7787
-33.2728,-16.0322,80.9397
-33.2638,-15.5612,80.8967
-33.3268,-15.0882,81.1947
-33.3978,-14.6152,81.5317
-33.4428,-14.1422,81.7417
-33.3988,-13.6732,81.5347
-33.4368,-13.2002,81.7147
-33.4968,-12.7262,82.0007
-33.5238,-12.2552,82.1267
-33.5248,-11.7832,82.1357
-33.5468,-11.3112,82.2387
-33.5668,-10.8392,82.3357
-33.5588,-10.3662,82.2947
-33.5358,-9.8962,82.1847
-33.5808,-9.4242,82.4027
-33.5938,-8.9522,82.4637
-33.5048,-8.4842,82.0387
-33.5328,-8.0122,82.1727
-33.5278,-7.5412,82.1467
-33.5298,-7.0672,82.1597
-33.5518,-6.5992,82.2637
-33.5628,-6.1252,82.3157
-33.5978,-5.6532,82.4837
-33.5748,-5.1832,82.3727
-33.6468,-4.7112,82.7157
-33.6408,-4.2432,82.6867
-33.5068,-3.7772,82.0487
-33.5318,-3.3062,82.1647
-33.4548,-2.8382,81.7987
-33.4328,-2.3682,81.6937
-31.3118,3.2168,71.6187
-31.2178,3.6838,71.1707
-31.1898,4.1548,71.0377
-31.1548,4.6258,70.8717
-31.0498,5.0928,70.3727
-32.5368,-16.0332,80.8897
-32.5948,-15.5602,81.1637
-32.5958,-15.0882,81.1677
-32.6788,-14.6152,81.5637
-32.7098,-14.1422,81.7087
-32.7628,-13.6702,81.9597
-32.7618,-13.1982,81.9527
-32.7478,-12.7272,81.8887
-32.7568,-12.2562,81.9327
-32.7458,-11.7852,81.8807
-32.7888,-11.3122,82.0827
-32.7928,-10.8412,82.1027
-32.8428,-10.3652,82.3417
-32.8148,-9.8962,82.2087
-32.7788,-9.4262,82.0337
-32.8078,-8.9542,82.1737
-32.7778,-8.4842,82.0317
-32.7568,-8.0142,81.9297
-32.7448,-7.5432,81.8767
-32.7748,-7.0682,82.0157
-32.7808,-6.6002,82.0457
-32.7898,-6.1262,82.0867
-32.8098,-5.6562,82.1837
-32.7878,-5.1852,82.0797
-32.8218,-4.7142,82.2427
-32.8008,-4.2472,82.1407
-32.7878,-3.7772,82.0767
-32.8058,-3.3062,82.1667
-32.7038,-2.8382,81.6787
-32.5758,-2.3722,81.0747
-30.7188,3.2208,72.2467
-30.6088,3.6878,71.7277
-30.5158,4.1568,71.2827
-30.4018,4.6248,70.7397
-30.3798,5.0948,70.6387
-30.3798,5.5678,70.6387
-31.9148,-16.0292,81.3507
-31.9228,-15.5582,81.3917
-31.9208,-15.0862,81.3817
-31.9708,-14.6142,81.6257
-31.9758,-14.1432,81.6537
-31.9808,-13.6722,81.6737
-31.9818,-13.2002,81.6787
-32.0258,-12.7272,81.8977
-32.0538,-12.2552,82.0377
-32.0588,-11.7832,82.0597
-32.0708,-11.3112,82.1187
-32.0988,-10.8392,82.2537
-32.1098,-10.3662,82.3057
-32.0638,-9.8972,82.0847
-32.0808,-9.4252,82.1657
-32.0518,-8.9552,82.0267
-32.1058,-8.4822,82.2877
-32.0498,-8.0132,82.0177
-32.0498,-7.5422,82.0167
-32.0668,-7.0682,82.0987
-32.1218,-6.5982,82.3637
-32.1118,-6.1252,82.3157
-32.0628,-5.6562,82.0807
-32.0328,-5.1862,81.9337
-32.0738,-4.7152,82.1317
-32.0318,-4.2482,81.9257
-31.9998,-3.7792,81.7687
-32.0278,-3.3082,81.9047
-31.8708,-2.8422,81.1347
-31.7248,-2.3772,80.4337
-31.8178,-1.9002,80.8737
-30.1048,2.7538,72.7317
-29.9818,3.2198,72.1457
-29.8948,3.6878,71.7307
-29.7868,4.1558,71.2197
-29.7448,4.6268,71.0187
-29.7128,5.0968,70.8687
-29.6048,5.5658,70.3547
-31.1808,-16.0302,81.2957
-31.2378,-15.5572,81.5657
-31.1998,-15.0862,81.3877
-31.2298,-14.6152,81.5287
-31.2238,-14.1442,81.5017
-31.2788,-13.6712,81.7617
-31.2508,-13.2012,81.6257
-31.3538,-12.7262,82.1177
-31.3398,-12.2552,82.0497
-31.3208,-11.7842,81.9607
-31.3708,-11.3112,82.1967
-31.3088,-10.8422,81.9017
-31.3268,-10.3682,81.9907
-31.2978,-9.8982,81.8537
-31.2948,-9.4282,81.8397
-31.3278,-8.9552,81.9947
-31.2878,-8.4852,81.8047
-31.3008,-8.0142,81.8657
-31.2688,-7.5442,81.7137
-31.3188,-7.0692,81.9507
-31.2988,-6.6012,81.8557
-31.2908,-6.1282,81.8167
-31.2908,-5.6582,81.8167
-31.2078,-5.1892,81.4257
-31.2238,-4.7192,81.5017
-31.3358,-4.2472,82.0327
-31.2418,-3.7812,81.5857
-31.2388,-3.3112,81.5727
-31.1228,-2.8432,81.0177
-31.0238,-2.3762,80.5487
-29.4578,2.2858,73.1027
-29.4298,2.7548,72.9707
-29.3018,3.2218,72.3647
-29.3008,3.6928,72.3567
-29.0768,4.1568,71.2937
-29.0298,4.6268,71.0687
-28.9438,5.0948,70.6627
-29.0208,5.5708,71.0257
-28.5228,6.9638,68.6647
-28.5228,7.4348,68.6647
-28.5228,7.9058,68.6647
-30.5078,-16.0282,81.5457
-30.5078,-15.5572,81.5427
-30.5248,-15.0852,81.6257
-30.5418,-14.6142,81.7047
-30.5658,-14.1422,81.8187
-30.5368,-13.6712,81.6837
-30.5678,-13.1992,81.8287
-30.6078,-12.7262,82.0227
-30.5328,-12.2582,81.6617
-30.5778,-11.7852,81.8767
-30.5948,-11.3132,81.9587
-30.6398,-10.8402,82.1747
-30.6518,-10.3662,82.2277
-30.5978,-9.8982,81.9707
-30.5708,-9.4282,81.8457
-30.5458,-8.9572,81.7267
-30.5408,-8.4862,81.7027
-30.5338,-8.0162,81.6697
-30.5088,-7.5452,81.5487
-30.5088,-7.0722,81.5507
-30.6148,-6.6002,82.0537
-30.5618,-6.1292,81.8027
-30.5068,-5.6602,81.5417
-30.4998,-5.1892,81.5077
-30.5158,-4.7192,81.5847
-30.5638,-4.2492,81.8087
-30.4228,-3.7842,81.1377
-30.3788,-3.3152,80.9307
-30.2498,-2.8482,80.3187
-30.2168,-2.3792,80.1577
-30.0858,-1.9102,79.5357
-28.7938,2.2878,73.3967
-28.7488,2.7568,73.1847
-28.6418,3.2238,72.6757
-28.5378,3.6908,72.1777
-28.4758,4.1608,71.8827
-28.2888,4.6268,70.9977
-28.2558,5.0968,70.8407
-28.1318,5.5648,70.2537
-28.1148,6.0328,70.1747
-27.8458,6.9658,68.8937
-27.8288,7.4358,68.8127
-27.7448,7.9038,68.4127
-27.7158,8.3738,68.2767
-27.5918,8.8408,67.6837
-29.8038,-16.0272,81.6457
-29.8548,-15.5542,81.8897
-29.8328,-15.0842,81.7857
-29.8788,-14.6112,82.0057
-29.8218,-14.1422,81.7307
-29.8308,-13.6712,81.7737
-29.8648,-13.1982,81.9377
-29.8398,-12.7282,81.8167
-29.7718,-12.2592,81.4937
-29.7778,-11.7872,81.5237
-29.8148,-11.3142,81.6977
-29.8618,-10.8422,81.9217
-29.8058,-10.3702,81.6577
-29.7998,-9.9002,81.6287
-29.7808,-9.4302,81.5377
-29.7968,-8.9582,81.6147
-29.8278,-8.4862,81.7627
-29.8028,-8.0162,81.6407
-29.7498,-7.5462,81.3897
-29.8178,-7.0702,81.7137
-29.7498,-6.6052,81.3877
-29.8638,-6.1282,81.9307
-29.7838,-5.6602,81.5527
-29.7558,-5.1892,81.4167
-29.7308,-4.7212,81.2987
-29.7128,-4.2532,81.2147
-29.6858,-3.7842,81.0857
-29.6778,-3.3142,81.0457
-29.5288,-2.8482,80.3397
-29.4078,-2.3812,79.7637
-29.2848,-1.9122,79.1777
-29.0288,-0.9792,77.9197
-28.9048,-0.5122,77.3297
-28.7668,-0.0452,76.6737
-28.1328,2.2898,73.6557
-27.9898,2.7548,72.9777
-27.9818,3.2258,72.9367
-27.9818,3.6968,72.9367
-27.6218,4.1558,71.2297
-27.6188,4.6278,71.2147
-27.5708,5.0978,70.9907
-27.4548,5.5668,70.4367
-27.3628,6.0318,70.0007
-27.3988,6.5038,70.1697
-27.2168,6.9688,69.3057
-27.1718,7.4378,69.0917
-27.0558,7.9048,68.5377
-27.0948,8.3768,68.7237
-27.0898,8.8478,68.6977
-27.0538,9.3168,68.5267
-29.0908,-16.0272,81.6557
-29.1408,-15.0832,81.8967
-29.1318,-14.6132,81.8517
-29.1158,-14.1422,81.7777
-29.1368,-13.6702,81.8767
-29.0808,-13.2012,81.6107
-29.1228,-12.7282,81.8077
-29.0538,-12.2592,81.4807
-29.0768,-11.7872,81.5907
-29.0208,-11.3172,81.3227
-29.0348,-10.8462,81.3907
-29.1008,-10.3702,81.7047
-29.0138,-9.9022,81.2897
-29.0078,-9.4322,81.2647
-29.0268,-8.9602,81.3547
-29.0538,-8.4882,81.4827
-29.0138,-8.0182,81.2927
-28.9798,-7.5482,81.1317
-29.0278,-7.0732,81.3597
-29.0078,-6.6062,81.2637
-29.0658,-6.1302,81.5377
-28.9618,-5.6632,81.0457
-28.9478,-5.1922,80.9767
-28.9288,-4.7242,80.8857
-29.0038,-4.2532,81.2427
-28.8998,-3.7862,80.7477
-28.8008,-3.3202,80.2797
-28.7238,-2.8512,79.9107
-28.7408,-2.3802,79.9927
-28.6248,-1.9102,79.4397
-28.2348,-0.9812,77.5927
-28.1128,-0.5142,77.0117
-28.0978,-0.0442,76.9387
-27.5738,1.8248,74.4477
-27.3618,2.2878,73.4377
-27.3208,2.7568,73.2447
-27.2898,3.2268,73.0977
-27.0468,3.6898,71.9477
-27.0108,4.1598,71.7757
-26.9238,4.6288,71.3597
-26.8668,5.0978,71.0907
-26.7928,5.5688,70.7407
-26.7658,6.0358,70.6097
-26.5418,6.4998,69.5427
-26.4668,6.9678,69.1887
-26.5108,7.4398,69.3977
-26.3748,7.9058,68.7517
-26.4078,8.3778,68.9087
-26.4078,8.8488,68.9047
-26.3118,9.3168,68.4477
-25.9598,-14.2232,70.2257
-25.9208,-13.7532,70.0407
-26.1188,-13.2752,70.9827
-28.3068,-12.7312,81.3797
-28.0618,-12.2682,80.2157
-28.0928,-11.7952,80.3627
-28.0918,-11.3242,80.3597
-28.1548,-10.8512,80.6567
-28.1368,-10.3782,80.5727
-28.2138,-9.9052,80.9387
-28.2168,-9.4342,80.9497
-28.2188,-8.9622,80.9597
-28.2228,-8.4912,80.9807
-28.2208,-8.0202,80.9717
-28.2288,-7.5492,81.0067
-28.2658,-7.0742,81.1857
-28.1788,-6.6092,80.7707
-28.1868,-6.1352,80.8087
-28.2188,-5.6642,80.9617
-28.1388,-5.1952,80.5837
-28.1758,-4.7252,80.7577
-28.1308,-4.2582,80.5447
-28.0928,-3.7892,80.3627
-27.9738,-3.3232,79.8017
-27.9518,-2.8522,79.6947
-27.8138,-2.3862,79.0397
-27.6898,-1.9172,78.4497
-27.5778,-1.4502,77.9157
-27.5118,-0.9812,77.6037
-27.4348,-0.5132,77.2387
-27.1658,-0.0502,75.9587
-27.0268,0.8888,75.2937
-26.9038,1.8268,74.7127
-26.6168,2.2878,73.3507
-26.6048,2.7578,73.2967
-26.5008,3.2248,72.8027
-26.2648,3.6878,71.6787
-26.3098,4.1608,71.8917
-26.3048,4.6328,71.8667
-26.1158,5.0978,70.9667
-26.0888,5.5688,70.8417
-25.9048,6.0318,69.9637
-25.8458,6.5008,69.6827
-25.8338,6.9708,69.6277
-25.7718,7.4388,69.3317
-25.7448,7.9088,69.2027
-25.7298,8.3798,69.1317
-25.6848,8.8488,68.9167
-25.6998,9.3208,68.9887
-25.6018,9.7888,68.5257
-25.1248,-14.2262,69.6587
-25.2438,-13.7512,70.2247
-25.3518,-13.2772,70.7367
-25.5228,-12.7992,71.5527
-25.8888,-12.3162,73.2917
-27.0698,-11.8052,78.9527
-27.1188,-11.3322,79.1827
-27.3098,-10.8552,80.0917
-27.2698,-10.3822,79.9037
-27.2668,-9.9122,79.8877
-27.3308,-9.4392,80.1917
-27.3878,-8.9662,80.4637
-27.3988,-8.4942,80.5157
-27.3988,-8.0242,80.5157
-27.3498,-7.5542,80.2847
-27.4048,-7.0792,80.5427
-27.3738,-6.6122,80.3967
-27.3798,-6.1382,80.4257
-27.4388,-5.6662,80.7047
-27.3788,-5.1962,80.4197
-27.3798,-4.7272,80.4227
-27.3258,-4.2602,80.1717
-27.1788,-3.7952,79.4727
-27.1568,-3.3262,79.3647
-27.1138,-2.8562,79.1617
-27.0078,-2.3892,78.6547
-26.8988,-1.9192,78.1397
-26.7768,-1.4532,77.5577
-26.7338,-0.9832,77.3557
-26.6268,-0.5152,76.8457
-26.4958,-0.0492,76.2237
-26.3468,0.4188,75.5117
-26.2348,0.8868,74.9777
-25.9788,1.3508,73.7197
-25.9788,1.8198,73.7197
-25.8788,2.2868,73.2447
-25.7818,2.7538,72.7857
-25.7168,3.2228,72.4737
-25.5738,3.6888,71.7947
-25.4828,4.1568,71.3627
-25.4548,4.6278,71.2287
-25.3618,5.0958,70.7857
-25.3858,5.5698,70.8987
-25.1398,6.0298,69.7277
-25.1788,6.5028,69.9137
-25.0888,6.9698,69.4867
-24.9898,7.4368,69.0167
-25.0098,7.9088,69.1127
-25.0018,8.3788,69.0727
-25.0298,8.8508,69.2067
-24.9808,9.3208,68.9727
-24.4198,-14.2262,69.7597
-24.5158,-13.7522,70.2137
-24.6658,-13.2752,70.9237
-24.7078,-12.8022,71.1247
-24.8378,-12.3272,71.7427
-25.2388,-11.8422,73.6507
-26.0158,-11.3452,77.3397
-26.2178,-10.8672,78.3037
-26.3158,-10.3902,78.7707
-26.4718,-9.9152,79.5097
-26.5268,-9.4422,79.7727
-26.5278,-8.9712,79.7797
-26.5468,-8.4992,79.8657
-26.6558,-8.0252,80.3867
-26.6098,-7.5552,80.1667
-26.5798,-7.0822,80.0267
-26.5968,-6.6142,80.1067
-26.5878,-6.1412,80.0637
-26.5298,-5.6722,79.7867
-26.5838,-5.1992,80.0437
-26.5428,-4.7312,79.8477
-26.4828,-4.2652,79.5617
-26.3638,-3.7992,78.9947
-26.2828,-3.3312,78.6127
-26.3318,-2.8582,78.8427
-25.9758,-2.4002,77.1527
-26.0768,-1.9232,77.6307
-25.9568,-1.4562,77.0617
-25.9608,-0.9852,77.0797
-25.9228,-0.5152,76.8997
-25.5988,-0.0552,75.3577
-25.5738,0.4168,75.2397
-25.3088,1.3518,73.9847
-25.3088,1.8218,73.9847
-25.1618,2.2868,73.2857
-25.0288,2.7528,72.6497
-25.0148,3.2228,72.5837
-24.8378,3.6878,71.7427
-24.7708,4.1578,71.4257
-24.7038,4.6268,71.1057
-24.6588,5.0968,70.8937
-24.5548,5.5658,70.3987
-24.5098,6.0328,70.1847
-24.4138,6.5008,69.7277
-24.3918,6.9708,69.6267
-24.3168,7.4388,69.2707
-24.3188,7.9098,69.2787
-24.2668,8.3788,69.0357
-24.3168,8.8518,69.2687
-24.2578,9.3208,68.9927
-23.5808,-14.2302,69.2197
-23.6988,-13.7552,69.7807
-23.8088,-13.2802,70.2997
-23.8778,-12.8062,70.6277
-24.0248,-12.3302,71.3277
-24.2688,-11.8502,72.4897
-24.4768,-11.3722,73.4757
-25.0948,-10.8802,76.4117
-25.3328,-10.3992,77.5437
-25.5628,-9.9212,78.6357
-25.6278,-9.4482,78.9477
-25.6178,-8.9772,78.8967
-25.7448,-8.5012,79.5037
-25.7608,-8.0302,79.5767
-25.7238,-7.5602,79.4017
-25.8128,-7.0842,79.8267
-25.8128,-6.6162,79.8287
-25.7388,-6.1452,79.4727
-25.7238,-5.6752,79.4047
-25.6848,-5.2052,79.2187
-25.7488,-4.7332,79.5197
-25.6208,-4.2692,78.9147
-25.5498,-3.8022,78.5757
-25.5438,-3.3322,78.5467
-25.4108,-2.8652,77.9127
-25.3098,-2.3982,77.4327
-25.1738,-1.9292,76.7857
-25.0798,-1.4612,76.3417
-25.2188,-0.9862,76.9987
-25.0468,-0.5202,76.1857
-24.7698,-0.0582,74.8727
-24.9008,0.4188,75.4947
-24.5078,1.3498,73.6267
-24.3968,1.8158,73.0967
-24.3468,2.2838,72.8577
-24.2518,2.7518,72.4057
-24.2338,3.2218,72.3187
-24.1078,3.6878,71.7217
-24.0818,4.1588,71.5987
-23.9758,4.6268,71.0957
-23.8628,5.0948,70.5577
-23.8288,5.5658,70.3957
-23.7188,6.0308,69.8727
-23.6328,6.4988,69.4667
-23.6128,6.9688,69.3717
-23.6608,7.4408,69.6017
-23.5888,7.9098,69.2577
-23.4928,8.3768,68.8027
-23.4648,8.8468,68.6677
-22.7928,-14.2322,68.8737
-22.7378,-13.7632,68.6157
-22.8698,-13.2872,69.2437
-23.0218,-12.8102,69.9817
-23.2378,-12.3322,71.0347
-23.3858,-11.8552,71.7387
-23.4828,-11.3812,72.1987
-24.0038,-10.8922,74.6807
-24.2608,-10.4102,75.8997
-24.4538,-9.9342,76.8137
-24.6148,-9.4572,77.5767
-24.7638,-8.9812,78.2847
-24.8708,-8.5062,78.7977
-24.9538,-8.0332,79.1917
-24.8478,-7.5652,78.6887
-24.9198,-7.0892,79.0297
-24.9198,-6.6212,79.0307
-24.9108,-6.1482,78.9857
-24.9728,-5.6762,79.2797
-24.8778,-5.2072,78.8297
-24.7898,-4.7412,78.4097
-24.8458,-4.2712,78.6757
-24.7348,-3.8052,78.1477
-24.5628,-3.3402,77.3317
-24.4968,-2.8712,77.0147
-24.3878,-2.4042,76.5017
-24.3468,-1.9322,76.3087
-24.3608,-1.4612,76.3727
-24.3348,-0.9912,76.2477
-24.2308,-0.5232,75.7597
-24.0998,-0.0562,75.1377
-23.8388,0.4078,73.8917
-23.9698,0.8828,74.5147
-23.5858,1.3428,72.6877
-23.5978,1.8128,72.7447
-23.4198,2.2768,71.9017
-23.5558,2.7518,72.5477
-23.3508,3.2158,71.5707
-23.3388,3.6868,71.5137
-23.2888,4.1568,71.2757
-23.1758,4.6248,70.7387
-23.0698,5.0918,70.2147
-22.8518,5.5578,69.1567
-22.9318,6.0288,69.5377
-22.9128,6.4988,69.4457
-22.8968,6.9688,69.3707
-22.9038,7.4398,69.4037
-22.7908,7.9068,68.8667
-22.6868,8.3738,68.3697
-22.5358,8.8398,67.6517
-21.7348,-14.2432,67.2937
-21.8718,-13.7672,67.9457
-22.0338,-13.2912,68.7157
-22.2128,-12.8132,69.5657
-22.3418,-12.3382,70.1797
-22.5118,-11.8612,70.9917
-22.7068,-11.3832,71.9127
-22.9148,-10.9052,72.9027
-23.1698,-10.4232,74.1147
-23.3798,-9.9452,75.1137
-23.5828,-9.4682,76.0777
-23.7688,-8.9902,76.9647
-23.9068,-8.5152,77.6197
-24.0298,-8.0402,78.2017
-24.0098,-7.5692,78.1037
-24.1678,-7.0902,78.8557
-23.9698,-6.6292,77.9177
-23.9488,-6.1562,77.8177
-23.9328,-5.6872,77.7437
-24.0748,-5.2102,78.4157
-24.0618,-4.7412,78.3507
-23.8628,-4.2802,77.4117
-23.7248,-3.8142,76.7567
-23.7748,-3.3432,76.9937
-23.5228,-2.8802,75.7917
-23.4818,-2.4112,75.5987
-23.5018,-1.9372,75.6917
-23.5628,-1.4642,75.9827
-23.4508,-0.9962,75.4527
-23.4398,-0.5262,75.3987
-23.3088,-0.0592,74.7757
-23.0468,0.4048,73.5307
-22.8588,0.8698,72.6337
-22.8238,1.3418,72.4687
-22.9008,1.8138,72.8347
-22.7698,2.2798,72.2087
-22.6458,2.7458,71.6227
-22.6458,3.2168,71.6247
-22.5308,3.6838,71.0807
-22.4928,4.1538,70.9017
-22.3828,4.6218,70.3767
-22.1438,5.0848,69.2397
-22.1338,5.5578,69.1897
-22.1238,6.0258,69.1427
-22.1028,6.4958,69.0447
-22.1048,6.9668,69.0537
-22.0358,7.4348,68.7247
-21.8828,7.9008,67.9997
-21.7348,8.3668,67.2937
-20.8068,-14.2512,66.1117
-20.9368,-13.7752,66.8437
-21.1508,-13.2962,67.9667
-21.3188,-12.8192,68.7677
-21.5008,-12.3422,69.6317
-21.7418,-11.8622,70.7807
-21.7688,-11.3902,70.9077
-22.0398,-10.9102,72.1937
-22.2058,-10.4312,72.9797
-22.4558,-9.9522,74.1697
-22.5448,-9.4782,74.5897
-22.7558,-9.0002,75.5977
-22.9768,-8.5212,76.6477
-22.9258,-8.0522,76.4057
-23.0248,-7.5782,76.8747
-23.1298,-7.1012,77.3767
-23.0678,-6.6352,77.0797
-23.1748,-6.1582,77.5887
-23.0768,-5.6912,77.1237
-22.9898,-5.2222,76.7107
-22.9188,-4.7552,76.3717
-22.8218,-4.2902,75.9097
-22.9098,-3.8172,76.3297
-22.9118,-3.3472,76.3367
-22.7108,-2.8822,75.3827
-22.7178,-2.4122,75.4167
-22.6668,-1.9402,75.1727
-22.5588,-1.4732,74.6607
-22.6058,-1.0002,74.8807
-22.3778,-0.5372,73.7957
-22.3778,-0.0652,73.7957
-22.1158,0.3978,72.5497
-22.1058,0.8688,72.5057
-22.0068,1.3388,72.0357
-21.8888,1.8038,71.4747
-21.9688,2.2768,71.8567
-21.8328,2.7428,71.2097
-21.8228,3.2138,71.1617
-21.7108,3.6808,70.6307
-21.5888,4.1478,70.0497
-21.3808,4.6128,69.0587
-21.3528,5.0828,68.9267
-21.3878,5.5568,69.0917
-21.3488,6.0238,68.9067
-21.2588,6.4918,68.4797
-21.2088,6.9608,68.2417
-20.9828,7.4238,67.0987
-20.8468,7.8888,66.3387
-20.8328,8.3598,66.2587
-20.0428,-14.2532,65.8407
-20.1428,-13.7782,66.4077
-20.2708,-13.3022,67.1247
-20.4608,-12.8232,68.1347
-20.5868,-12.3482,68.7337
-20.8748,-11.8672,70.1057
-20.9468,-11.3932,70.4487
-21.0698,-10.9182,71.0337
-21.3088,-10.4362,72.1717
-21.4308,-9.9622,72.7477
-21.6448,-9.4842,73.7637
-21.8928,-9.0042,74.9427
-21.9188,-8.5322,75.0657
-21.9008,-8.0622,74.9817
-22.0598,-7.5862,75.7337
-22.0708,-7.1122,75.7897
-22.0938,-6.6432,75.8977
-22.1158,-6.1692,76.0037
-22.0868,-5.7002,75.8647
-21.9638,-5.2322,75.2797
-21.9528,-4.7632,75.2267
-21.9308,-4.2962,75.1207
-21.8528,-3.8282,74.7487
-21.9248,-3.3562,75.0947
-21.8818,-2.8862,74.8907
-21.9378,-2.4142,75.1537
-21.8808,-1.9422,74.8817
-21.8238,-1.4732,74.6147
-21.8158,-1.0022,74.5757
-21.7078,-0.5352,74.0607
-21.4098,0.3988,72.6497
-21.2318,0.8648,71.8017
-21.1028,1.3328,71.1897
-21.1808,1.8048,71.5597
-21.1398,2.2738,71.3657
-21.0578,2.7408,70.9737
-21.0208,3.2108,70.7987
-20.8028,3.6748,69.7607
-20.6468,4.1408,69.0197
-20.5408,4.6088,68.5157
-20.5538,5.0808,68.5787
-20.5348,5.5528,68.4897
-20.4248,6.0178,67.9617
-20.4158,6.4888,67.9237
-20.3628,6.9568,67.6437
-20.1488,7.4188,66.4447
-20.1168,7.8888,66.2627
-19.2578,-14.2562,65.3937
-19.3928,-13.7802,66.1967
-19.4378,-13.3062,66.4667
-19.5938,-12.8292,67.3267
-19.8038,-12.3502,68.4137
-19.9178,-11.8752,68.9547
-20.0958,-11.3972,69.8037
-20.1988,-10.9232,70.2907
-20.3118,-10.4462,70.8297
-20.3948,-9.9732,71.2267
-20.6078,-9.4952,72.2367
-20.6948,-9.0202,72.6527
-20.9078,-8.5422,73.6637
-20.8508,-8.0732,73.3927
-20.9968,-7.5972,74.0837
-21.1638,-7.1182,74.8737
-21.1878,-6.6492,74.9907
-21.2868,-6.1732,75.4607
-21.2058,-5.7052,75.0737
-21.1448,-5.2362,74.7867
-21.1638,-4.7662,74.8757
-21.0558,-4.3012,74.3637
-20.9878,-3.8332,74.0407
-20.9438,-3.3652,73.8317
-21.0708,-2.8892,74.4327
-21.0318,-2.4202,74.2467
-20.9108,-1.9512,73.6767
-20.8978,-1.4802,73.6167
-20.9058,-1.0092,73.6497
-20.3818,-0.5552,71.1627
-20.3968,-0.0832,71.2357
-20.4808,0.3918,71.6327
-20.4008,0.8608,71.2527
-20.3858,1.3328,71.1817
-20.1608,1.7948,70.1097
-20.2248,2.2668,70.4157
-20.1278,2.7338,69.9537
-20.2228,3.2078,70.4067
-19.7488,3.6628,68.1507
-19.7348,4.1338,68.0857
-19.8328,4.6098,68.5527
-19.7518,5.0778,68.1657
-19.7198,5.5498,68.0017
-19.6148,6.0138,67.4407
-19.3598,6.4748,66.0027
-18.5178,-14.2562,65.4057
-18.6298,-13.7812,65.9897
-18.7288,-13.3062,66.5337
-18.7848,-12.8322,66.8407
-18.9118,-12.3572,67.5277
-19.0608,-11.8792,68.3287
-19.1968,-11.4032,68.9777
-19.3128,-10.9282,69.5287
-19.4408,-10.4512,70.1357
-19.5528,-9.9772,70.6687
-19.5808,-9.5052,70.8017
-19.6978,-9.0292,71.3617
-19.7828,-8.5562,71.7657
-19.8368,-8.0832,72.0227
-19.8788,-7.6102,72.2217
-19.9528,-7.1342,72.5747
-20.1538,-6.6602,73.5287
-20.1998,-6.1852,73.7447
-20.2588,-5.7122,74.0237
-20.2238,-5.2422,73.8597
-20.2578,-4.7722,74.0217
-20.1758,-4.3062,73.6307
-20.2158,-3.8352,73.8237
-20.2208,-3.3642,73.8477
-20.1018,-2.8972,73.2807
-19.9888,-2.4302,72.7467
-19.9648,-1.9582,72.6317
-19.8508,-1.4912,72.0867
-19.6308,-1.0272,71.0407
-19.5218,-0.5602,70.5217
-19.5888,-0.0862,70.8417
-19.4788,0.3828,70.3197
-19.5788,0.8568,70.7917
-19.3568,1.3228,69.7397
-19.3388,1.7908,69.6497
-19.4488,2.2648,70.1767
-19.1958,2.7278,68.9727
-18.9378,3.1888,67.6627
-18.9268,3.6588,67.6067
-18.9278,4.1308,67.6137
-18.9228,4.6028,67.5827
-18.8418,5.0708,67.1467
-18.8188,5.5428,67.0277
-18.5758,6.0018,65.6957
-18.5528,6.4718,65.5677
-17.6928,-14.7302,65.0917
-17.7518,-14.2562,65.3647
-17.8858,-13.7812,65.9847
-17.9138,-13.3092,66.1167
-18.0438,-12.8332,66.7357
-18.1358,-12.3592,67.1717
-18.1698,-11.8862,67.3557
-18.2638,-11.4112,67.8837
-18.4418,-10.9332,68.8417
-18.5008,-10.4582,69.1217
-18.6468,-9.9822,69.8127
-18.5828,-9.5142,69.5097
-18.7528,-9.0372,70.3147
-18.7188,-8.5672,70.1517
-18.7868,-8.0942,70.4757
-18.8568,-7.6202,70.8117
-19.0978,-7.1392,71.9547
-18.9438,-6.6762,71.2247
-18.9838,-6.2012,71.4137
-19.1328,-5.7262,72.1217
-19.2378,-5.2512,72.6237
-19.3198,-4.7792,73.0117
-19.4028,-4.3082,73.4077
-19.2468,-3.8432,72.6637
-19.1998,-3.3742,72.4407
-19.0648,-2.9072,71.7987
-18.7878,-2.4462,70.4837
-18.5768,-1.0382,69.4807
-18.6468,-0.5652,69.8137
-18.6408,-0.0932,69.7847
-18.6758,0.3798,69.9497
-18.6458,0.8508,69.8087
-18.6128,1.3218,69.6517
-18.1488,2.7148,67.2367
-18.0108,3.1818,66.5807
-18.0038,3.6518,66.5447
-18.0228,4.1238,66.6347
-18.0938,4.5988,66.9727
-17.7508,5.0578,65.3597
-17.7338,5.5308,65.2797
-17.7078,5.9978,65.1627
-17.6308,6.4668,64.8067
-16.9128,-14.7302,65.0297
-17.0018,-14.2562,65.4387
-17.0808,-13.7822,65.8027
-17.1348,-13.3092,66.0527
-17.2098,-12.8352,66.3957
-17.2968,-12.3622,66.7967
-17.3198,-11.8892,66.9017
-17.4168,-11.4152,67.3487
-17.5178,-10.9402,67.8297
-17.5678,-10.4652,68.0727
-17.6988,-9.9902,68.7077
-17.8188,-9.5152,69.2787
-17.8418,-9.0432,69.3907
-17.9388,-8.5692,69.8477
-18.0298,-8.0952,70.2777
-17.9528,-7.6262,69.9137
-17.9858,-7.1522,70.0707
-18.0778,-6.6812,70.5087
-18.1598,-6.2052,70.8947
-18.0828,-5.7372,70.5307
-18.1568,-5.2632,70.8837
-18.1698,-4.7932,70.9457
-18.2928,-4.3212,71.5167
-17.9748,-3.8612,70.0197
-18.1308,-3.3862,70.7607
-17.8588,-2.4532,69.4697
-17.4548,-1.9942,67.5207
-17.6998,-1.0432,68.7117
-17.8218,-0.5682,69.2957
-17.6188,-0.1042,68.3207
-17.7198,0.3718,68.8117
-17.5738,0.8388,68.0977
-17.4548,1.3068,67.5207
-17.0038,2.2318,65.4507
-17.1418,2.7068,66.0857
-17.0278,3.1738,65.5607
-17.1208,3.6478,65.9877
-17.0108,4.1158,65.4837
-16.9848,4.5868,65.3607
-16.9538,5.0568,65.2207
-16.8618,5.5268,64.7947
-16.7998,5.9938,64.5127
-16.8328,6.4658,64.6617
-16.2108,-14.2572,65.2807
-16.2858,-13.7842,65.6267
-16.3798,-13.3092,66.0587
-16.4018,-12.8372,66.1607
-16.4478,-12.3652,66.3707
-16.5378,-11.8902,66.7627
-16.6778,-11.4142,67.3667
-16.6138,-10.9452,67.0907
-16.6318,-10.4712,67.1707
-16.8068,-9.9962,67.9207
-16.7878,-9.5252,67.8417
-16.8488,-9.0522,68.1007
-16.9518,-8.5782,68.5377
-16.9978,-8.1062,68.7327
-17.1248,-7.6312,69.2767
-17.0638,-7.1592,69.0117
-17.1708,-6.6882,69.4787
-17.1888,-6.2142,69.5557
-17.0158,-5.7492,68.8057
-16.8928,-5.2812,68.2857
-16.8778,-4.8122,68.2257
-17.3118,-4.3312,70.1017
-16.9268,-3.8722,68.4327
-16.8028,-3.4062,67.9037
-16.8058,-2.9352,67.9187
-16.7978,-2.4642,67.8847
-16.9208,-1.9872,68.4047
-16.7758,-1.0502,67.7897
-16.8878,-0.5752,68.2657
-15.8878,1.7508,63.7957
-16.0398,2.2258,64.4927
-16.1798,2.7008,65.1367
-16.2838,3.1748,65.6177
-16.1408,3.6408,64.9587
-16.1398,4.1128,64.9527
-16.0028,4.5798,64.3227
-16.0128,5.0508,64.3697
-15.9108,5.5208,63.8997
-15.8968,5.9888,63.8367
-15.5698,-13.7842,65.6117
-15.5658,-13.3122,65.5937
-15.6238,-12.8392,65.8417
-15.6728,-12.3672,66.0527
-15.6978,-11.8942,66.1617
-15.7508,-11.4212,66.3907
-15.8298,-10.9482,66.7317
-15.8868,-10.4732,66.9747
-15.8428,-10.0042,66.7877
-15.8858,-9.5312,66.9707
-15.9558,-9.0582,67.2767
-16.0198,-8.5852,67.5527
-15.9998,-8.1152,67.4667
-16.0938,-7.6402,67.8707
-16.0168,-7.1692,67.5397
-16.1528,-6.6972,68.1237
-16.1498,-6.2242,68.1107
-16.1048,-5.7552,67.9207
-16.0708,-5.2852,67.7717
-16.1458,-4.8132,68.0967
-16.2278,-4.3422,68.4457
-16.1398,-3.8752,68.0717
-16.0288,-3.4082,67.5897
-15.9088,-2.9402,67.0697
-15.9818,-2.4682,67.3857
-15.0538,1.7478,63.3447
-14.9168,2.2138,62.7507
-15.1898,2.6918,63.9297
-15.1898,3.1628,63.9297
-15.1898,3.6338,63.9297
-15.0458,4.1008,63.3097
-15.0218,4.5718,63.2037
-15.1338,5.0468,63.6907
-15.1458,5.5198,63.7417
-14.9128,-13.3112,65.8007
-14.8858,-12.8402,65.6817
-14.8528,-12.3702,65.5407
-14.9588,-11.8952,65.9977
-15.0498,-11.4212,66.3917
-15.0518,-10.9502,66.3997
-15.0648,-10.4762,66.4587
-15.1108,-10.0052,66.6547
-15.1098,-9.5342,66.6527
-15.0768,-9.0632,66.5107
-15.0638,-8.5932,66.4517
-15.1388,-8.1202,66.7757
-15.1698,-7.6472,66.9107
-15.2638,-7.1712,67.3297
-15.1778,-6.7062,66.9467
-15.2678,-6.2292,67.3447
-15.1678,-5.7622,66.9017
-14.9588,-5.2972,65.9977
-14.9318,-4.8292,65.8807
-14.8938,-4.3612,65.7187
-15.1308,-3.8842,66.7437
-14.9978,-3.4182,66.1677
-14.9958,-2.9472,66.1577
-14.1398,-12.8422,65.4867
-14.0698,-12.3732,65.1867
-14.1678,-11.8982,65.6067
-14.1978,-11.4262,65.7357
-14.2188,-10.9542,65.8267
-14.2378,-10.4802,65.9097
-14.2438,-10.0102,65.9377
-14.2828,-9.5372,66.1037
-14.2588,-9.0672,66.0027
-14.2388,-8.5962,65.9137
-14.3118,-8.1232,66.2317
-14.3208,-7.6522,66.2707
-14.2508,-7.1802,65.9657
-14.2958,-6.7112,66.1617
-14.2958,-6.2382,66.1627
-14.2898,-5.7682,66.1327
-14.2638,-5.2972,66.0237
-14.1518,-4.8312,65.5417
-13.9088,-4.3702,64.4917
-13.7658,-3.9042,63.8567
-13.7418,-3.4352,63.7537
-14.1668,-2.9512,65.6047
-13.4268,-12.3712,65.4377
-13.4048,-11.9002,65.3427
-13.3908,-11.4292,65.2817
-13.4868,-10.9552,65.6977
-13.4448,-10.4832,65.5157
-13.4948,-10.0112,65.7337
-13.4418,-9.5422,65.5007
-13.4638,-9.0702,65.5987
-13.5038,-8.5972,65.7687
-13.5088,-8.1262,65.7937
-13.5428,-7.6542,65.9387
-13.4298,-7.1842,65.4527
-13.3378,-6.7192,65.0537
-13.3188,-6.2462,64.9697
-13.1618,-5.7802,64.2947
-13.2008,-5.3082,64.4627
-13.1108,-4.8412,64.0727
-13.0078,-4.3762,63.6327
-12.9368,-3.9082,63.3237
-12.9008,-3.4392,63.1647
-12.6268,-2.9762,61.9467
-7.0408,4.3908,37.2157
-12.7968,-11.8972,65.7687
-12.7338,-10.9572,65.4857
-12.7368,-10.4832,65.5017
-12.8098,-10.0102,65.8287
-12.7788,-9.5402,65.6887
-12.7288,-9.0712,65.4647
-12.7658,-8.5982,65.6287
-12.7668,-8.1282,65.6357
-12.6918,-7.6582,65.2987
-12.6198,-7.1872,64.9767
-12.5238,-6.7222,64.5637
-12.4778,-6.2502,64.3677
-12.4688,-5.7802,64.3277
-12.4468,-5.3092,64.2327
-12.3218,-4.8442,63.6927
-12.2948,-4.3762,63.5787
-12.2398,-3.9082,63.3417
-11.9758,-2.9742,62.2047
-12.0768,-10.4822,65.6777
-12.1698,-10.0082,66.0917
-11.9688,-9.5442,65.1977
-11.9778,-8.1302,65.2367
-11.8808,-7.6622,64.8187
-11.6428,-5.7842,63.7867
-11.6038,-5.3142,63.6187
